-28215.48139	-7995.34119
-29195.33222	-1538.579126
-28569.13239	2403.382285
-26805.00571	4125.493663
-24319.45485	3949.376555
-21477.51321	2221.864793
-18586.77035	-683.522275
-15889.66429	-4364.506639
-13557.34153	-8388.894513
-11687.70789	-12295.32191
-10309.91704	-15596.55687
-9396.797425	-17785.66452
-8884.819523	-18344.79753
-8697.810995	-16755.60695
-8741.125739	-12719.633
-8844.900865	-6797.612875
-8886.201761	214.1093954
-8792.032915	7501.535684
-8515.353773	14243.54855
-8038.676833	19620.71829
-7404.141221	22822.4303
-6733.245001	23299.65068
-6157.475487	21506.9322
-5790.353401	18150.9068
-5699.338301	13933.70126
-5876.466016	9544.697289
-6218.38103	5653.476972
-6518.871407	2904.723878
-6515.626201	1760.170797
-6049.019693	2036.809049
-5020.334349	3392.078371
-3369.907387	5485.222132
-1074.835528	7977.696523
1853.798828	10532.75339
5372.151294	12815.09303
9382.845442	14530.78365
13678.4065	15550.20123
18016.46427	15805.19903
22142.50379	15257.5413
25789.66138	13904.10593
28680.21359	11781.21228
30528.72275	8966.9094
31134.65183	5597.223984
30654.74329	1900.042602
29352.88728	-1911.904964
27514.2187	-5675.120533
25442.87949	-9277.305911
23459.4224	-12657.23165
21898.5	-15803.13012
20993.84486	-18739.47864
20538.02568	-21476.70325
20224.59375	-23976.63278
19762.11166	-26149.04629
18872.98515	-27856.85962
17290.66833	-28923.96841
14755.59321	-29144.84155
11158.59721	-28335.22808
6978.098473	-26475.71188
2822.43499	-23643.65311
-717.705282	-19973.42292
-3064.443673	-15646.21321
-3648.854096	-10886.98781
-1909.398051	-5968.26777
2479.237325	-1255.064
8915.753704	2699.12646
16533.45933	5346.570636
24419.94427	6213.494627
31616.00459	4919.111997
37120.76601	1197.415914
39906.41832	-5088.318592
39224.09973	-13736.84868
35496.93382	-23625.07161
29581.43105	-33499.46338
22493.12114	-42242.05862
15361.73353	-48869.80974
9359.459071	-52509.42032
5608.883922	-52350.9792
4827.445042	-47960.47542
6493.111807	-40347.52096
9678.883108	-30824.45603
13426.16644	-20667.02319
16829.12566	-11154.20724
19068.24787	-3590.450438
19396.38877	698.9271963
17320.26303	781.312082
13239.62045	-2700.080777
7763.308057	-8682.800035
1522.645376	-16107.09829
-4790.625527	-23956.96364
-10421.46714	-31280.82213
-14596.85778	-37178.36815
-16709.44432	-40984.38286
-16684.33168	-42906.62873
-14661.49682	-43299.64495
-10848.33589	-42424.62356
-5465.069809	-40461.37012
1301.29344	-37533.53504
9322.254355	-33735.05326
18421.3875	-29135.96972
28031.12181	-23765.24323
37499.68015	-17695.27835
46191.36933	-11080.81396
53492.55724	-4188.158712
58826.71535	2572.299072
61666.33285	8633.583854
61748.61948	13387.07187
59705.77237	16526.10113
56348.4767	17951.18715
52424.40295	17723.70949
48620.11083	16036.87526
45575.18629	13163.41367
43900.25646	9399.923576
44001.67302	5030.114501
45519.84023	324.5842329
47890.28838	-4502.246406
50530.91089	-9287.286177
52848.31034	-13894.5817
54255.41747	-18181.87383
54202.357	-21956.08149
52315.40063	-25018.77975
48715.85238	-27427.81439
43698.0438	-29253.61445
37600.73139	-30528.79871
30776.25768	-31289.43044
23559.81256	-31610.21475
16243.83406	-31628.13314
9062.351152	-31474.80321
2201.230913	-31040.7626
-4155.97805	-30203.30719
-9818.493028	-28894.84486
-14592.50205	-27089.216
-18286.44096	-24784.87774
-20715.78893	-21986.86351
-21777.40884	-18739.62588
-21667.87938	-15257.66586
-20681.85736	-11749.38914
-19131.08521	-8374.333465
-17332.84613	-5257.880577
-15604.17417	-2501.772519
-14261.31141	-189.5092771
-13541.01028	1620.512186
-13358.38991	2913.232306
-13552.94037	3664.923489
-13970.79474	3829.246764
-14463.31911	3338.371725
-14883.81851	2104.711318
-15083.35195	23.87437821
-14973.9424	-2978.926826
-14725.55144	-6814.030163
-14556.30636	-11336.64109
-14666.81665	-16387.90793
-15243.43154	-21797.9359
-16459.98561	-27388.05925
-18478.17979	-32972.73886
-21348.57832	-38322.00624
-24714.29938	-43047.55474
-28107.52605	-46733.77476
-31058.67533	-48973.61769
-33107.73407	-49362.37799
-33809.45586	-47496.7427
-32729.56137	-42980.62924
-29583.79548	-35656.89779
-24682.10262	-26276.108
-18498.36978	-15815.91458
-11533.34214	-5244.731216
-4320.231736	4489.445046
2582.595659	12461.34828
8612.156458	17760.02599
13320.85411	19728.52419
16679.14357	18713.67638
18775.00053	15305.35097
19693.63661	10093.01362
19502.64227	3676.751375
18252.25898	-3326.083251
15987.44284	-10279.96062
12792.13428	-16621.32302
8882.856272	-22125.32626
4523.716541	-26658.67915
-3.033230604	-30101.17339
-4399.746831	-32349.81267
-8357.356699	-33320.35824
-11559.28686	-32947.2719
-13758.12334	-31251.13907
-15001.29184	-28538.9886
-15422.63047	-25187.25863
-15172.32512	-21569.26422
-14417.41415	-18053.37756
-13341.89098	-15001.05554
-12146.17556	-12764.96184
-10987.81633	-11577.7836
-9801.18019	-11224.91091
-8453.357099	-11383.66295
-6798.385297	-11736.59059
-4677.807222	-11972.85287
-1920.704993	-11789.55508
1656.676868	-10892.69844
6129.934362	-9087.14147
11098.1073	-6539.556317
16029.39281	-3483.988949
20377.05265	-125.5452292
23579.88072	3356.192529
25065.13563	6799.478882
24253.86712	10050.41993
20802.92658	12970.65164
15317.05736	15477.71829
8646.679288	17473.72771
1651.724227	18836.36399
-4801.301455	19433.27645
-9844.457259	19131.86627
-12616.64165	17799.82475
-12510.58433	15359.60504
-9888.179649	11975.57149
-5363.153423	7865.657323
446.274085	3242.71367
6929.411122	-1673.089743
13493.54005	-6638.503868
19569.77656	-11374.9884
24713.33797	-15594.51794
28898.26519	-19097.53641
32205.1208	-21707.97223
34713.34595	-23255.19754
36496.94067	-23579.99997
37622.59031	-22538.23437
38150.13029	-20001.85338
38142.13284	-15977.77563
37687.28114	-10965.51182
36871.22924	-5592.314333
35771.07226	-489.0162857
34459.75003	3712.806146
33010.28299	6383.000915
31498.81596	6894.844524
29997.80547	4876.002894
28553.63521	956.6622212
27211.71225	-3980.05967
26023.05466	-9050.864128
25044.44383	-13375.81188
24339.76323	-16080.75029
23982.31268	-16297.71321
24019.2795	-13454.82485
24353.64741	-8147.700326
24848.44567	-1255.868192
25357.44223	6352.89052
25721.48207	13822.36792
25770.19193	20305.34678
25326.62435	24960.34519
24206.97262	26949.55224
22207.30284	25438.9032
19077.66269	19599.10011
14499.57977	8603.15894
8098.225078	-8387.204509
