51622.14814	23868.48034
59226.53839	21131.84995
64152.96313	17651.80989
66593.65615	13994.44317
66825.36077	10544.88597
65190.24462	7524.010737
62071.14905	5028.315906
57866.01063	3078.194515
52966.80409	1664.085014
47746.91276	783.6466575
42558.15984	465.9676103
37736.0777	781.1129367
33610.11726	1835.398143
30514.45397	3755.008858
28717.86563	6578.770359
28190.13035	9986.227612
28816.5943	13549.61778
30454.88018	16829.98117
32918.53503	19395.18834
35969.00567	20840.04823
39319.37815	20805.44654
42632.63672	19145.09249
45495.99573	16385.22047
47531.00726	13256.4966
48433.00352	10499.2757
47955.50688	8797.18507
45865.08886	8700.493183
41882.05964	10557.89708
35818.5226	14311.38776
28156.87714	19049.46769
19633.24624	23742.13105
11116.46168	27560.80441
3593.416799	29922.86175
-1903.42969	30445.02551
-4400.813752	28832.6916
-3382.28459	24991.42975
282.218477	19667.44735
5374.145879	13819.48877
10792.41092	8506.757246
15597.47479	4884.238872
18900.68301	4031.320987
19646.43367	6676.660518
16817.21777	12701.61596
10690.16727	20436.46622
1952.194732	27975.98635
-8470.570278	33814.86303
-19329.64173	37008.59964
-29082.11573	37174.95233
-35995.75805	34345.87557
-38689.75618	28940.00038
-37456.1373	22199.57916
-33213.69674	15148.07512
-27003.51981	8460.865663
-19850.33211	2699.690013
-12708.75905	-1522.790799
-6513.269796	-3502.595695
-2055.484414	-2733.582662
673.7725647	360.0237101
1852.26145	5122.105189
1697.250751	10926.34912
563.8127734	17212.58165
-991.8703032	23504.10124
-2203.015526	29388.25553
-2281.051736	34519.88544
-929.8061808	38732.31043
1939.141087	41782.75438
6246.480905	43313.36821
11672.92264	42922.46417
17620.60855	40256.51961
23220.89555	35101.80035
27532.84259	27584.8502
30106.75549	18558.82016
30839.72763	9039.531711
29978.38318	-32.53477677
28135.49121	-7835.912968
26215.9491	-13668.39328
25275.90341	-16913.30381
26149.76554	-17218.23567
28691.93672	-15129.50989
32298.803	-11360.09746
36213.89945	-6622.429724
39657.96884	-1681.944008
41909.80664	2653.750729
42316.36092	5621.604688
40517.50813	6740.736475
37219.4216	6177.683421
33308.06849	4345.499077
29535.10431	1674.493053
26504.43496	-1531.238975
24680.29386	-5231.159543
24415.97797	-9748.388677
25716.41187	-15606.32655
27494.21267	-22794.03543
28704.99269	-30922.30481
28718.48002	-39266.25445
27271.70511	-46769.55085
24336.60024	-52126.36921
19919.63947	-53922.6607
14094.14089	-51155.20824
7599.00677	-44429.89587
1067.652541	-34924.77479
-4996.816986	-23895.18069
-10026.46406	-12559.13009
-13329.44993	-2069.51093
-14169.58084	6433.66742
-12101.7571	12031.49793
-7572.884804	14892.16566
-1356.892817	15396.85959
5702.334628	13889.43926
12791.30401	10734.40933
19216.41277	6366.817247
24460.80699	1322.906007
28240.41091	-3851.311843
30581.53284	-8919.698607
31614.62058	-13703.97081
31501.06998	-18005.14119
30419.60465	-21615.17173
28555.68297	-24327.05343
26093.63862	-25942.67553
23227.63144	-26332.48513
20199.00627	-25604.09187
17217.73998	-23947.19408
14447.7267	-21574.18068
12015.66965	-18712.44093
10016.0753	-15598.61124
8511.664454	-12475.09901
7520.770189	-9566.286357
6988.522237	-7009.460628
6822.655008	-4914.815464
6901.247203	-3386.744341
7069.848012	-2524.677731
7141.390786	-2423.86844
6899.102062	-3176.182214
6123.757456	-4786.522259
4682.678603	-6923.495324
2537.1462	-9185.904526
-263.5904854	-11191.76064
-3588.239485	-12578.99559
-7231.616255	-13005.13499
-10922.88101	-12146.11554
-14348.26059	-9795.768341
-17220.7834	-6166.15856
-19304.94547	-1575.523672
-20414.50524	3656.690111
-20407.47955	9210.896647
-19181.65442	14766.98811
-16670.90077	20002.52355
-12901.84123	24632.04776
-8164.370484	28540.33238
-2809.652655	31691.63693
2812.661483	34095.62662
8350.804821	35809.39413
13447.40888	36942.14921
17736.94546	37659.92068
20926.76237	38139.11518
23038.61561	38405.38147
24142.51937	38413.90273
24280.12385	38074.48495
23481.0441	37245.4844
21781.0612	35733.23734
19238.51756	33298.05158
15950.58771	29777.91844
12076.69646	25439.67201
7829.934385	20662.46862
3443.073445	15840.14346
-858.3709234	11387.86096
-4865.819438	7739.726396
-8377.631317	5335.856589
-11218.46939	4500.811368
-13357.86733	5126.373876
-14783.77691	6965.053403
-15461.01829	9726.638639
-15339.04987	13081.35038
-14366.05916	16669.96317
-12505.18751	20118.50826
-9781.656305	23083.24694
-6385.304261	25358.8723
-2559.054131	26833.91282
1437.213699	27480.21122
5326.500331	27357.9442
8814.992746	26612.91956
11593.21084	25465.212
13386.35266	24179.64386
14100.99428	23004.33911
13682.90897	22142.91019
12074.00116	21739.31155
9217.881239	21867.30248
5064.486949	22525.60603
-426.6259925	23638.5532
-7184.361636	25041.18228
-14725.25307	26429.17105
-22451.03461	27439.13121
-29740.57144	27718.90795
-35942.67401	26977.93532
-40377.04975	25019.2234
-42349.49129	21738.47583
-41392.75669	17184.68351
-37931.51686	11800.12737
-32660.94624	6059.183658
-26318.91545	358.0554211
-19652.4554	-4955.080874
-13383.04929	-9533.859389
-8180.662317	-12990.26987
-4515.938706	-14997.638
-2266.719488	-15687.40349
-1160.315003	-15291.69086
-930.5380253	-14034.65251
-1331.050314	-12146.9188
-2144.641147	-9876.299285
-3187.533114	-7493.813518
-4323.068332	-5240.655397
-5497.558751	-3161.798924
-6675.509752	-1259.168568
-7817.475064	460.2122815
-8877.786461	1988.859091
-9803.316339	3322.87747
-10533.17451	4465.034582
-10997.12398	5436.270205
-11110.29043	6304.878305
-10781.28945	7154.217334
-9918.108649	8068.173255
-8432.835748	9125.289242
-6247.235653	10393.12499
-3299.670871	11924.9098
417.9803205	13714.75407
4765.06127	15569.08451
9527.107613	17267.2434
14452.4604	18624.61264
19273.96175	19502.34779
23740.28215	19809.45643
27654.03911	19497.68718
30866.45921	18631.52426
33164.76592	17607.93862
34396.33364	16872.65104
34486.62304	16786.88284
33401.24535	17569.53597
31097.71867	19241.5058
27471.20681	21584.76306
22472.23153	24115.78442
16590.43672	26128.45408
10377.19822	27026.73923
4302.207477	26490.93483
-1220.141042	24538.50105
-5800.859722	21535.14077
-9044.29733	18151.17106
-10515.26605	15255.9354
-9711.961689	13756.42815
-6058.925506	14419.9115
1059.239371	17764.08312
12200.96777	24130.6433
