-17637.40095	15053.3669
-3599.900729	23810.73096
12514.27341	28428.40179
29885.48338	28876.9809
47547.89086	25307.34295
64449.7131	18140.56432
79558.73993	8107.976001
91975.51534	-3774.027329
101027.3844	-16289.23377
106331.3625	-28146.36109
107824.0383	-38117.28294
105755.5077	-45165.25108
100635.9281	-48543.87134
93123.40806	-47850.17634
83909.43006	-43191.5479
73707.88969	-35625.41971
63054.86872	-26491.31976
52317.22154	-17088.14611
41776.16416	-8575.931764
31689.53793	-1933.111875
22313.12339	2040.157522
13883.28373	2939.068696
6585.579925	1457.415229
595.0644937	-1454.047152
-3860.109664	-4886.060834
-6473.618066	-7969.503693
-6910.220384	-9832.75109
-4935.774183	-9531.436712
-708.4192582	-6275.644835
4806.04767	-324.6649786
10392.44497	7723.559638
14914.05665	17079.16063
17483.10461	26688.94167
17563.69123	35263.6767
14959.79821	41403.7563
9908.507759	44026.98155
3559.593324	43279.70313
-2989.154845	39914.29761
-8927.966307	34916.36677
-13625.87805	29325.53828
-16503.51252	24088.31212
-16916.02418	19951.1667
-14349.16758	17232.47466
-9256.992167	15350.76424
-2263.341056	13399.37579
6035.162197	10417.73846
14986.66011	5517.758758
23833.83386	-1962.495085
31732.77562	-12303.43665
38040.04328	-25124.15128
43025.23872	-38876.40913
47540.30952	-51658.62896
52706.71986	-61614.26856
59503.68025	-67085.12919
68232.23204	-66729.22729
78058.43851	-59657.51283
86972.84324	-45914.44079
92602.38374	-27449.82336
93095.56651	-7030.570019
87807.63716	12467.03106
77521.4689	28548.8903
64225.0741	39499.35935
50617.96825	44537.89827
39256.94619	43984.65179
31163.62515	39731.4746
26217.71018	33767.90113
23640.18872	27744.48634
22284.24942	22994.53761
20784.98696	20521.14026
17585.97228	20910.52664
11257.85046	23989.26459
1621.516277	28221.54398
-10772.59722	32011.44348
-24881.12127	34260.98841
-39273.51205	34490.88811
-52312.31223	32806.20856
-62370.13966	29688.41936
-68253.03768	25834.99229
-69964.2159	22376.01231
-68062.32504	20073.57839
-63256.56708	19230.28458
-56224.57219	19898.10757
-47490.76847	22062.63422
-37349.27532	25752.9638
-25800.87943	30859.63052
-12560.26509	36461.10914
2649.729897	41384.16021
19849.63342	44404.98225
38585.30324	44329.84997
57763.59743	40157.56556
75626.73873	31275.53693
90034.77481	17864.5575
99254.23	1647.397647
102380.5658	-15255.31679
99432.80169	-30914.85525
91224.61051	-43801.23344
79114.48742	-52838.70967
64736.5966	-57327.39613
49759.03592	-57063.56422
35635.8157	-52998.52609
23374.4423	-46326.8375
13583.15234	-38161.15787
6585.471959	-29523.86986
2516.653496	-21369.2397
1391.74452	-14620.89742
3001.333026	-10034.77509
6525.052313	-7666.987513
11068.44107	-7295.991332
15821.01807	-8564.241259
20046.31998	-10970.38456
23075.12035	-13872.60681
24300.39944	-16510.95381
23377.76232	-18194.58005
20819.85462	-18813.11051
17319.76423	-18519.12486
13538.47458	-17585.61635
10102.69925	-16378.69533
7589.317275	-15345.88592
6500.528463	-15025.71591
7087.257361	-15932.85745
8904.185604	-18135.13304
11345.61851	-21570.90591
13832.72754	-26148.66989
15829.7535	-31730.16809
16854.80907	-38115.11967
16485.60874	-45027.63595
14420.16465	-52085.69402
10657.34831	-58746.8893
5352.38417	-64397.63467
-1225.565511	-68389.88775
-8689.486117	-70065.90028
-16545.32519	-68793.73355
-24220.86859	-63999.50718
-31076.31015	-55440.7694
-36392.47321	-43981.97914
-39633.2605	-30803.87245
-40487.1749	-17118.39374
-38836.87879	-4164.245992
-34748.91818	6774.024684
-28482.5415	14342.03384
-20581.5556	17494.65843
-12041.96673	16694.94041
-3782.685622	12853.17504
3499.610564	6962.75286
9314.837435	88.23985611
13369.80541	-6648.630465
15576.76654	-12075.00426
16093.94422	-15257.98317
15336.92389	-16388.6036
13699.66344	-15910.87277
11473.5286	-14218.78721
8839.405128	-11645.01649
5860.223804	-8455.298434
2474.462093	-4849.459908
-1351.455618	-926.8229375
-5140.233732	3392.079995
-8318.74724	8080.250884
-10354.15421	12906.61352
-10744.79922	17423.93507
-9015.05581	20972.57166
-4718.642892	22704.35969
2236.042687	21846.98716
10667.01426	18479.50799
19187.68786	13129.85097
26546.24383	6586.597088
31640.05766	-128.8091629
33553.44741	-5773.553888
31594.3816	-8886.624225
25687.28638	-8170.928338
17437.54699	-3710.738784
8651.124156	3851.355007
882.7380697	13622.76044
-4522.718975	24441.95072
-6394.663492	34836.27596
-3744.24897	42996.513
3750.717894	47180.64587
14459.56623	47002.80225
26354.51504	42793.05014
37571.20346	35342.18259
46481.03708	25838.33764
51727.86359	15744.19013
52202.71563	6640.375685
47416.07329	-144.807686
38751.34282	-4307.357199
27879.20168	-6067.23531
16272.10732	-5837.952401
5272.474807	-4094.626111
-3821.503837	-1330.943041
-9687.995035	1899.347668
-11385.35067	5008.731113
-9652.777224	7701.244699
-5616.143172	9785.625709
-374.7292724	11136.34839
4996.320271	11741.86485
9464.486982	11755.36393
12065.28008	11543.57621
12186.70692	11597.36084
10351.45261	12113.70508
7311.600273	13174.36656
3735.986619	14799.71574
197.1136613	16928.02747
-2828.782275	19403.5454
-4951.938938	21971.90493
-5974.38861	24380.07395
-6224.425225	26695.51667
-6133.71025	29085.90587
-6107.358736	31728.73227
-6532.566201	34796.22532
-7789.004619	38437.74462
-10259.44585	42759.53141
-14177.71278	47717.50721
-19147.87928	52839.75829
-24610.42553	57455.77124
-29954.36612	60838.08076
-34471.62814	62299.86598
-37338.60625	61298.74107
-37636.86471	57508.0201
-34714.0459	51004.01034
-29169.8016	42740.89369
-21975.17623	33852.51482
-14152.13386	25408.39127
-6746.186637	18432.78788
-829.892875	13932.14808
2450.171059	12873.20957
2180.272557	15743.68098
-1201.886593	21425.98188
-6899.940417	28347.08326
-14006.60516	34939.9628
-21391.99836	39769.48692
-27639.78191	41652.11017
-31101.93424	39688.375
-30455.35266	33546.6329
-26015.01017	24451.56256
-18815.01718	13690.57738
-10046.6201	2281.889057
-789.644452	-8805.660467
8103.064506	-18489.30559
15904.53526	-25549.2743
22022.79533	-29044.25732
26602.38368	-29350.36364
29839.27484	-27203.34445
31862.91702	-23344.35604
32850.54954	-18476.49715
33099.42923	-13225.70203
33062.07014	-8109.259085
33360.58586	-3506.315506
34789.52657	375.5066878
38309.38494	3541.421327
45035.63914	6268.217397
56238.59419	9205.571276
