1416.023876	-8328.094743
-6737.527519	-3750.078971
-12939.87044	-627.1566096
-17503.29009	1018.467506
-20684.50068	1159.362583
-22658.1366	-190.0105954
-23511.6915	-2942.998355
-23258.39277	-6925.602723
-21863.52889	-11875.15956
-19278.60885	-17450.84996
-15477.39761	-23253.43017
-10488.33872	-28851.4275
-4418.651395	-33811.23861
2533.947643	-37728.62372
10073.63009	-40290.84963
17795.37355	-41398.44965
25266.01097	-41084.55254
32082.24243	-39477.70648
37914.70186	-36776.04863
42544.94278	-33204.69418
45889.31999	-28964.08209
48007.50109	-24296.3255
49078.4587	-19797.38105
49309.71038	-16051.29651
48843.60962	-13511.17776
47678.81031	-12505.02195
45611.62494	-13248.05373
42205.59977	-15860.74461
36998.28818	-20212.80755
30191.33057	-25456.63853
22262.05676	-30748.32641
13848.02802	-35493.49144
5762.935591	-39361.79203
-1011.49797	-42282.72639
-5354.178594	-44405.24248
-6428.027601	-46060.13265
-4870.883577	-47756.52723
-1772.546508	-49765.21979
1689.133035	-52088.90533
4281.759287	-54548.32507
4770.968846	-56816.66495
1982.306162	-58401.29309
-4769.687657	-58709.40256
-14550.98235	-57409.77117
-26018.59891	-54471.40899
-37870.49397	-50190.80558
-48895.01621	-45192.10172
-57990.32508	-40356.08333
-64148.01497	-36680.60897
-66639.45021	-34981.9067
-65663.82105	-35393.92123
-61612.28125	-37606.04822
-54859.60525	-41029.32572
-45812.22122	-44909.70642
-34950.70961	-48450.49507
-22851.25001	-50919.73866
-10203.26218	-51777.14208
2157.094166	-50866.12529
13380.22894	-48277.53162
22672.89312	-44266.57926
29326.16565	-39188.64265
32726.28605	-33422.86292
32348.82606	-27304.29843
28026.93189	-21094.76181
20783.64788	-15007.14943
11929.39055	-9198.30224
2743.029989	-3824.044254
-5541.235552	942.0699044
-11730.37648	4956.743149
-14657.50474	8198.104166
-13530.68744	10864.04986
-9023.476429	13389.65253
-2168.579355	16221.06078
6012.87955	19683.47924
14514.47517	23924.64701
22348.3929	28901.31997
28549.93985	34402.39699
32379.18631	40030.57488
33917.1558	45070.51269
33473.08605	48812.00006
31355.14114	50664.76591
27828.43987	50169.83404
23077.49226	46989.45721
17183.90439	40875.48662
10226.12726	31893.37254
2615.665143	21178.83448
-5102.219672	10070.62129
-12283.09562	-182.3168156
-18168.89857	-8410.566818
-21914.69612	-13492.98065
-22648.7855	-14313.91325
-19831.93718	-10190.06581
-14154.72197	-2259.722279
-6644.06881	7883.299466
1707.435459	18600.99107
9988.028937	28188.07098
17334.16639	34902.91956
22825.66957	37045.21935
25661.07411	33574.81387
26031.62628	25726.88844
24405.72125	15325.63377
21369.61314	4164.815387
17675.93564	-6040.096333
14214.11547	-13658.25283
11926.15898	-17117.50498
11503.2733	-15372.51308
12721.37575	-9400.145847
15048.00135	-661.902637
17922.28551	9388.939867
20824.30297	19293.35618
23303.81291	27584.51546
24970.91311	32795.3031
25557.1842	33865.79162
25157.63862	31340.29637
23948.64473	26168.45116
22121.54664	19290.72837
19900.47611	11623.48009
17533.85126	4051.714302
15258.6737	-2569.437366
13285.61167	-7561.462485
11879.02829	-10871.11157
11262.47316	-12569.79914
11596.32729	-12677.4443
12995.57241	-11156.18493
15551.4306	-7915.009693
19349.61403	-2821.083562
24309.10672	4184.239418
29679.65107	12747.11557
34576.97965	22343.39899
38157.88769	32369.26738
39637.67035	42137.84115
38329.42765	50867.40034
33690.29571	57669.16257
25577.58985	61750.19042
14892.34334	63078.6998
2733.643852	61928.90964
-9903.315794	58724.15404
-22141.69978	54037.31295
-33209.73898	48584.8
-42413.40593	43214.34071
-49261.27096	38715.66262
-53895.24233	35278.07727
-56562.57662	32874.25081
-57467.5046	31385.20552
-56801.52278	30588.89901
-54776.44068	30159.38246
-51657.02059	29678.46513
-47750.08185	28777.06488
-43289.6985	27515.76862
-38500.13137	26051.62359
-33589.26133	24540.95759
-28719.42573	23157.06683
-23989.92859	22101.49851
-19429.54574	21608.94126
-15022.77437	21857.1258
-10807.72962	22696.74537
-6860.706939	23930.24101
-3291.623081	25400.41757
-247.3722212	26983.85632
2089.68197	28582.05812
3507.682964	30110.84985
3870.593369	31506.91372
3417.708064	32762.29267
2491.340939	33831.17443
1442.983727	34613.08121
630.8368584	34965.07125
416.9832511	34712.26912
1164.931699	33657.04749
3112.185915	31632.93695
5995.048833	28656.7965
9437.002701	24832.89099
13071.99391	20308.03137
16536.26151	15258.8983
19460.23243	9880.586718
21462.9994	4379.901577
22238.39267	-1008.947652
21822.63181	-5978.801972
20351.50026	-10213.473
17994.12934	-13405.12558
14974.66328	-15253.57618
11590.33229	-15468.90373
8220.579874	-13776.23886
5284.635898	-10064.37686
3087.570783	-4815.419262
1837.79276	1341.374852
1646.437557	7778.594042
2518.723124	13871.94194
4354.697604	19001.08232
6956.094161	22550.32725
10018.64742	24055.08972
13105.37015	23642.95997
15790.52961	21608.50069
17700.8053	18267.65637
18512.82915	13955.16903
17947.31333	9024.156414
15761.98872	3848.672854
11837.30897	-1175.483821
6447.963617	-5648.062051
-11.60138945	-9186.005232
-7115.143881	-11431.70004
-14398.59789	-12064.23115
-21355.19406	-10816.70732
-27436.67541	-7494.237345
-32157.4078	-2083.909755
-35405.85078	4961.298972
-37237.25359	13078.28198
-37804.82541	21722.56415
-37358.71012	30383.04348
-36233.17924	38589.29289
-34823.68186	45910.86523
-33534.96229	51969.96463
-32681.85752	56490.35605
-32507.70897	59223.64928
-33167.91872	59922.45434
-34700.53488	58337.93401
-37008.4135	54221.16311
-39856.06687	47328.1342
-42863.35236	37608.24441
-45500.50038	25757.69311
-47259.3901	12691.72457
-47752.77074	-629.0394023
-46771.03547	-13199.12178
-44324.22147	-23980.2544
-40652.92873	-31929.08595
-36161.7184	-36318.63647
-31225.36596	-37616.57402
-26063.39193	-36635.6384
-20719.80022	-34231.9489
-15091.68975	-31280.44757
-8975.104002	-28653.20098
-2111.181094	-27208.46378
5642.707294	-27529.15713
13874.29083	-29152.88345
21907.66501	-31459.2264
28934.0916	-33958.59352
34077.19496	-36244.22054
36508.54246	-37877.75079
35602.35408	-38229.67695
31258.51837	-36604.71215
24432.9993	-33045.14724
16396.97512	-27731.2102
8354.936776	-20915.19196
1301.175616	-13049.46644
-4066.117603	-4837.158533
-7373.613344	2780.824098
-8539.076641	8684.004333
-7668.591828	11660.96755
-4901.925864	10510.26685
-275.3360126	4120.185751
6269.563147	-8528.482215
