-9311.972487	7977.895271
-18143.46664	15311.02328
-27299.47949	19610.87922
-36411.63613	21311.95075
-45120.02798	20893.74981
-53093.26588	18873.82331
-60053.4413	15789.8393
-65796.21776	12174.28575
-70199.55181	8527.520559
-73219.14472	5294.973079
-74872.69663	2852.569638
-75217.25796	1501.867283
-74324.32508	1473.95273
-72256.38255	2939.570561
-69050.2727	5918.570349
-64724.0185	9982.444297
-59303.50405	14579.78641
-52850.7556	19153.86672
-45485.08881	23156.22489
-37395.87359	26059.8435
-28845.5295	27370.95946
-20180.83766	26756.31838
-11856.87352	24405.37597
-4300.36424	20683.80881
2138.562302	16008.12131
7189.119331	10832.28738
10653.43201	5634.517413
12395.16485	906.5430399
12445.34486	-2924.596794
11339.74566	-5725.385805
9727.852749	-7489.975162
8245.735289	-8273.759212
7516.853472	-8188.0883
8152.584638	-7398.354679
10750.93981	-6122.199106
15671.36963	-4633.94493
22363.795	-3261.406659
30026.31157	-2247.052337
37831.48289	-1709.344756
44936.96834	-1653.756804
50498.2012	-2004.06283
53680.69049	-2654.024965
53892.72314	-3500.696111
51459.47354	-4409.450128
46949.24462	-5339.419676
40938.6617	-6339.545645
34002.51432	-7499.975664
26707.4614	-8913.511405
19609.4883	-10652.02574
13189.11617	-12722.78293
7657.796097	-14966.47708
3157.424596	-17168.07683
-170.4717783	-19099.05595
-2180.481342	-20523.3498
-2719.419645	-21201.38088
-1623.815444	-20891.91473
1176.454633	-19447.46876
5343.551708	-17099.17832
10436.30843	-14161.67733
16009.13722	-10932.76571
21611.09239	-7693.908347
26789.12752	-4716.855658
31094.63951	-2276.547907
34162.66893	-582.0527282
35929.33622	467.956766
36408.72787	1025.622317
35612.60189	1210.687494
33542.41674	1117.094458
30182.71645	822.5694044
25497.08274	398.7371011
19540.06281	-109.5046871
12799.64095	-761.0270699
5868.444458	-1614.025518
-663.051072	-2694.594051
-6203.072883	-3996.301268
-10155.83874	-5475.479195
-11918.49283	-7044.445539
-11104.95613	-8566.523202
-8226.342734	-9868.018174
-4010.314215	-10796.67974
823.0349661	-11240.45131
5557.144019	-11128.47127
9474.624118	-10429.54313
11852.9262	-9150.999444
12164.00895	-7386.888852
10685.79117	-5451.348328
7904.085589	-3692.565406
4314.501029	-2434.574199
425.4435038	-1977.323584
-3238.617213	-2596.432151
-6133.973006	-4542.967076
-7830.974258	-7934.183159
-8426.995164	-12433.03734
-8166.548222	-17606.70601
-7313.567339	-23042.07022
-6152.887481	-28343.79691
-4992.442256	-33132.84933
-4166.222754	-37045.51492
-3932.735994	-39813.14893
-4158.167843	-41497.5132
-4606.205068	-42225.07039
-5032.525039	-42101.47761
-5180.146086	-41214.05789
-4775.874383	-39635.56407
-3528.354076	-37428.46448
-1238.555937	-34674.36405
1866.897753	-31556.76076
5465.610025	-28297.37881
9245.528557	-25129.62686
12902.20222	-22296.7461
16138.43696	-20054.63295
18664.47878	-18678.51874
20255.93642	-18355.60484
20923.4029	-18841.34567
20708.31423	-19791.00828
19613.75384	-20861.55339
17604.93947	-21697.11533
14617.17577	-21913.5821
10571.08049	-21085.77879
5456.941466	-18918.473
-455.4044269	-15784.09178
-6811.050374	-12215.34469
-13250.30325	-8754.510234
-19420.06351	-5967.893463
-24973.06543	-4445.185451
-29556.7896	-4787.704097
-32908.84576	-7359.007959
-35178.21485	-11572.14509
-36618.01597	-16596.68133
-37491.64837	-21602.95671
-38070.66769	-25771.57035
-38612.89382	-28299.23137
-39325.0867	-28400.28725
-40280.7423	-25540.95245
-41288.64998	-20146.80458
-42083.1202	-12901.06033
-42418.83149	-4507.523343
-42107.04253	4314.69861
-41037.54867	12837.77158
-39185.83245	20332.29354
-36599.64183	26221.01424
-33350.01567	30524.05784
-29500.31149	33421.96383
-25097.89464	35110.26238
-20172.58741	35799.57679
-14737.37849	35714.69277
-8790.447254	35092.7974
-2401.579219	34105.40189
4030.611209	32632.80664
10014.79428	30507.72511
15052.7801	27589.51133
18646.23336	23756.87996
20302.26963	18901.52669
19537.17971	12924.21181
16074.2037	5866.435484
10436.16548	-1698.200643
3370.98278	-9086.26643
-4345.255117	-15641.30623
-11910.25384	-20736.34309
-18496.10763	-23780.49836
-23251.42809	-24226.97315
-25546.09956	-21833.37641
-25707.55938	-17414.42857
-24346.80804	-12031.69932
-22126.78138	-6720.494087
-19757.58155	-2483.429542
-17992.31359	-285.5813722
-17624.98669	-1049.019306
-19245.78144	-5297.789268
-22490.88075	-12120.73663
-26703.59573	-20269.879
-31157.76164	-28535.64743
-35063.51103	-35759.50677
-37586.85018	-40836.36369
-37878.28933	-42703.27641
-35342.05033	-40695.82144
-30383.13176	-35656.38509
-23694.14922	-28764.02503
-15992.15516	-21158.04596
-8003.574979	-13949.93823
-462.7596988	-8232.662222
5882.73093	-5086.62517
10440.2738	-5267.273468
13298.78684	-8262.545085
14727.64095	-13249.8865
15011.78622	-19415.09448
14456.87518	-25955.9591
13391.3882	-32087.70852
12163.48567	-37047.31111
11091.19739	-40266.82161
10326.72423	-41887.45971
9971.791818	-42229.02134
10119.66892	-41607.91907
10858.35399	-40331.25366
12273.32856	-38693.91566
14449.1252	-36978.92096
17347.62496	-35431.86555
20441.9016	-34180.15671
23082.13983	-33326.67635
24617.95373	-32980.59632
24398.6057	-33251.59683
21773.31681	-34237.38572
16092.70717	-36009.28714
7023.174732	-38499.35006
-4512.710509	-41200.14836
-17251.29425	-43528.69839
-29897.22565	-44953.10305
-41138.83559	-44976.96874
-49673.27471	-43096.40893
-54227.63342	-38756.9248
-53969.92246	-31608.59856
-49718.69527	-22334.51333
-42700.78289	-11923.50812
-34150.73885	-1423.991676
-25333.99656	8087.195669
-17556.47416	15545.73907
-12145.6543	19918.69365
-10081.59693	20526.30661
-10976.26315	18016.70435
-14069.02973	13365.17781
-18578.12361	7548.339519
-23718.38863	1550.132725
-28712.55094	-3635.335992
-32797.74998	-7004.257217
-35412.43372	-7817.305123
-36747.32064	-6416.366594
-37175.21495	-3424.525506
-37060.21078	523.3783645
-36759.18029	4785.924196
-36627.10499	8723.669688
-37024.74924	11710.53361
-38172.39187	13325.68977
-39686.75768	13893.9998
-41038.62558	13932.26333
-41703.17805	13947.53644
-41152.82844	14407.58369
-38845.09866	15705.0752
-34208.37752	18121.89927
-26844.27221	21687.68756
-17179.26132	25854.66269
-5881.406963	29965.98792
6327.241591	33446.356
18664.78013	35841.09314
30294.32488	36833.86163
40338.91916	36243.91035
47904.59385	34004.62005
52107.72448	30127.15674
52099.98743	24658.67669
47082.31136	17651.57393
36300.26929	9163.939706
