-61656.82416	-14145.20068
-50461.13334	39.75821183
-41062.91216	7914.569728
-33928.31193	10874.59364
-29252.32138	10178.2776
-26990.53926	6939.448638
-26884.98133	2128.68637
-28484.76403	-3425.440903
-31172.15259	-9033.346554
-34208.62382	-14129.38247
-36811.58219	-18232.66218
-38259.29586	-20879.55039
-38003.57425	-21539.74295
-35756.18145	-19542.80346
-31650.51806	-14365.03775
-26557.63081	-6631.590679
-21450.88707	2723.88669
-17135.08424	12700.91837
-14196.39772	22200.9199
-12990.06975	30020.13184
-13658.33632	34857.96939
-16075.41316	35740.68725
-19625.04517	33266.04793
-23750.25787	28473.63492
-28066.34301	22441.56195
-32291.2637	16258.59187
-36205.91191	11009.44883
-39669.14079	7788.084902
-42677.72529	7370.305439
-45380.8309	9154.10018
-47865.87896	12275.04757
-50046.21146	15968.89822
-51617.76826	19546.94849
-52071.30137	22342.89557
-50783.66276	23625.41869
-47294.37154	22815.65674
-41792.038	20394.88224
-34838.25327	16968.84212
-27141.3342	13068.03826
-19407.52535	9273.030985
-12232.5511	6289.354535
-6054.977539	4958.241315
-1084.426156	5917.852607
2878.492116	8641.990112
6114.10075	12280.79313
8884.027093	15955.71245
11410.03975	18782.63041
13812.47336	19904.5167
16013.18303	18526.73327
17685.62579	14200.54452
18422.68775	7583.728803
17866.87116	-371.4729227
15838.87669	-8735.209582
12427.06388	-16658.38791
8012.366565	-23413.41407
3229.654802	-28406.4443
-1228.03536	-31304.11395
-5058.17472	-32417.57277
-8192.155552	-32164.28924
-10714.09802	-30899.70617
-12835.04213	-28927.74544
-14858.13	-26518.61834
-17142.90926	-23928.91543
-19953.7637	-21385.72508
-23076.49651	-18996.39662
-26168.2199	-16870.00563
-28879.37621	-15138.39445
-30857.67089	-13934.11043
-31750.52083	-13366.7719
-31204.09998	-13499.16651
-28988.94113	-14316.68024
-25385.82805	-15696.46798
-20787.0008	-17477.76182
-15563.56072	-19499.21727
-10069.02736	-21614.61351
-4647.490459	-23703.81897
355.3935341	-25681.32837
4655.713551	-27474.67933
8243.911958	-28934.25535
11146.84062	-29890.25578
13353.22788	-30172.43976
14822.2555	-29608.89582
15495.98522	-28025.54232
15311.72799	-25246.62613
14260.71051	-21220.84241
12550.0947	-16392.87256
10474.72381	-11315.68702
8358.664175	-6518.833511
6554.272436	-2497.91201
5460.060309	299.1497729
5546.084846	1481.000075
7197.695258	891.4920222
10173.48811	-876.4950458
14023.95107	-3101.094208
18230.79372	-5127.513123
22205.17714	-6362.951477
25290.24836	-6280.826971
26762.73525	-4436.618551
26015.20771	-681.3352563
23129.58441	4267.240984
18448.77984	9513.543459
12421.38743	14221.67156
5584.354924	17627.87336
-1470.514508	19042.63243
-8142.563905	17842.56135
-13926.98844	13669.30508
-18620.55966	7052.70517
-22175.80913	-1273.375706
-24584.04884	-10600.83162
-25813.49683	-20245.46075
-25788.72238	-29534.81683
-24416.86752	-37791.56217
-21705.87598	-44418.56895
-17995.57344	-49196.1066
-13769.45421	-52020.81235
-9568.292992	-52825.88427
-5944.124608	-51579.99613
-3404.561296	-48268.55412
-2367.192306	-42863.69385
-3030.307617	-35456.043
-5057.54102	-26722.40724
-7953.403969	-17448.50948
-11232.87606	-8397.764587
-14442.50491	-336.1910207
-17136.76528	5952.543236
-18839.30131	9654.301932
-19165.49191	10221.68728
-18265.13118	8299.89233
-16481.92099	4791.417022
-14236.08362	569.0106776
-12001.3339	-3495.833433
-10266.42783	-6514.197913
-9499.374547	-7570.793754
-9999.376038	-6010.188911
-11530.53272	-2312.506809
-13716.82814	2774.714479
-16191.82158	8518.116995
-18625.57472	14184.72745
-20749.97575	19027.81165
-22375.50908	22278.01047
-23421.0059	23347.38733
-23966.62042	22451.22893
-24088.41906	20009.37886
-23799.1179	16445.96076
-23044.80636	12189.07127
-21715.97037	7669.029155
-19670.80887	3313.938481
-16883.84096	-520.7709392
-13830.96784	-3743.318156
-11155.34687	-6328.556352
-9537.119046	-8243.018725
-9657.952369	-9407.650371
-12149.70029	-9635.872216
-17537.12387	-8570.319962
-25932.13372	-5764.363047
-36267.177	-1105.671373
-47218.20934	5177.962372
-57597.83441	12432.29466
-66437.74651	19551.09528
-72983.10848	25123.08152
-76574.27423	27739.10925
-76730.71748	26550.02264
-73851.71753	22038.63892
-68430.40152	15405.28807
-60940.30925	8106.729238
-51977.31919	1573.211501
-42317.15795	-2984.528446
-32891.93945	-4653.982501
-24605.79168	-3044.377932
-17888.95065	1076.517637
-12933.30846	6650.23757
-9817.648357	12626.90099
-8528.379042	17967.93882
-8944.875255	21627.7425
-10801.79154	22535.19577
-13652.98711	19899.91277
-16908.05316	14160.38645
-20075.47737	6102.845407
-22851.5047	-3426.541668
-25131.6207	-13519.90033
-27001.71319	-23212.78489
-28709.8585	-31489.29752
-30541.14755	-37548.38508
-32518.92625	-41594.38999
-34473.46426	-44057.02644
-36104.41536	-45353.07888
-37019.23198	-45910.99761
-36776.42074	-46190.95746
-34930.95412	-46704.67811
-31288.496	-47836.64658
-26550.70983	-49251.87821
-21674.42493	-50517.92363
-17607.17895	-51272.3356
-15210.83901	-51144.24423
-15169.50223	-49650.24376
-17891.64432	-46092.97575
-23205.98546	-39748.38055
-29741.15192	-30693.73967
-35951.47722	-19392.44791
-40582.95366	-6599.151913
-42806.46906	6630.712834
-42254.71108	19021.2371
-38942.25969	29217.8095
-33275.95346	36126.75131
-26406.62941	39585.33557
-19387.33377	39912.71453
-12944.63378	37621.1955
-7554.530393	33277.23907
-3547.875686	27403.77754
-1211.309422	20430.87138
-712.6412742	12735.35353
-1693.883533	4809.468162
-3760.784982	-2818.444304
-6632.03003	-9580.508213
-10099.62136	-14845.44968
-13957.33822	-17923.34273
-17907.01514	-18101.72952
-21503.36091	-14932.20019
-24249.10301	-8964.693094
-25629.63537	-1109.96018
-25218.70084	7593.880967
-22770.23341	16025.88183
-18242.78951	23042.33459
-11755.29938	27528.0243
-3645.600816	28680.37316
5198.201746	26796.66876
13891.09542	22512.63763
21668.52527	16511.64703
27819.49725	9505.62776
31639.04665	2248.891565
32414.53899	-4420.074748
29714.58102	-9685.236938
24216.16503	-13233.43247
16894.70334	-14886.67849
8773.204399	-14505.67346
927.8522508	-12042.27413
-5528.718822	-7595.742062
-9480.01877	-1464.125978
-10068.3655	5815.219497
-7404.179516	13491.85907
-1935.667	20805.36267
5769.04429	27067.34788
15037.12743	31681.75414
25114.95375	34144.93926
35194.95393	34034.06683
44441.69822	30996.35624
52013.82509	24749.33
57076.08873	15094.77912
58790.61954	1943.460252
56269.48203	-14646.80114
