-28014.93434	14429.16503
-30455.88897	21541.49924
-30749.25821	27076.88276
-29394.4762	31065.25625
-26836.12848	33600.40439
-23461.15666	34828.98188
-19596.89271	34937.76481
-15512.71286	34140.5902
-11426.13503	32666.44909
-7512.543657	30749.60726
-3916.944119	28621.78882
-766.1670877	26505.79435
1819.601586	24609.66585
3716.592399	23120.66921
4807.073989	22165.58686
5030.69027	21706.2095
4337.955515	21640.13697
2678.371574	21835.864
5.539039711	22136.73778
-3717.750204	22368.3336
-8514.814549	22349.81572
-14286.04468	21899.8497
-20491.05459	20837.58872
-26466.98352	19075.35437
-31548.39095	16641.90133
-35088.38261	13658.96286
-36480.40024	10289.09919
-35174.12141	6660.747707
-30884.88906	2854.416911
-24195.91032	-944.5223219
-15902.5285	-4601.815776
-6765.149212	-7998.984279
2511.503275	-10946.2514
11273.55802	-13142.72559
18890.51599	-14192.0951
24858.36745	-13776.39101
29202.07754	-12062.54229
32049.29938	-9402.114716
33512.14195	-6226.514056
33719.8418	-3035.725994
32850.34919	-375.5876501
31155.11186	1189.401411
28952.203	1275.901702
26538.80492	221.1501438
24154.80105	-1436.112341
21958.14164	-3130.283171
20005.30044	-4271.127471
18240.61924	-4245.832284
16496.14963	-2419.794829
14552.99023	1614.392577
12343.77469	7294.334879
9939.613809	13848.58866
7527.296579	20545.74465
5408.587418	26693.79081
4009.916637	31643.78971
3892.989151	34793.95974
5540.229141	35824.16173
8666.731873	35369.11806
12689.91233	34205.8762
16908.97323	33001.06018
20525.70234	32317.09039
22668.01159	32606.28545
22409.64735	34197.79764
19055.05507	37116.8529
12980.08513	40606.8043
4924.466844	43845.43531
-4278.335567	46186.4098
-13742.35218	47157.02187
-22578.46042	46424.15389
-29947.37761	43733.81509
-35236.83216	39042.69603
-38467.31384	33073.012
-39878.06828	26641.31342
-39720.18729	20464.57856
-38195.19656	15199.62917
-35432.09515	11486.23095
-31498.71687	9982.65337
-26476.83575	11140.88566
-20623.81003	14470.62253
-14236.50269	19245.84543
-7585.224117	24720.2092
-898.8070609	30109.21958
5627.041787	34588.79098
11789.90924	37312.61479
17359.27378	37606.8294
22160.43623	35488.02806
25949.62284	31208.62188
28400.66019	25109.27563
29151.38806	17615.87779
27856.69932	9220.479456
24234.96032	449.7878952
18243.85364	-8126.221975
10532.93266	-15808.00769
2020.438661	-21994.37479
-6279.110438	-26237.12311
-13300.43554	-28205.61074
-17976.47672	-27633.14283
-19280.51506	-24258.0862
-16595.97042	-18046.51659
-10759.50519	-9972.437286
-3022.204063	-1187.144887
5345.185209	7200.005905
13075.86969	14089.28407
18886.03157	18406.12467
21418.93981	19158.5159
19629.25329	15854.43748
14134.52062	9531.138133
6005.156195	1559.32486
-3595.629673	-6806.665594
-13366.11164	-14485.84433
-21853.20795	-20589.78682
-27471.33708	-24400.76814
-28963.49788	-25576.46897
-26722.18638	-24840.10801
-21635.19905	-23037.40605
-14674.03783	-20857.84914
-6872.276728	-18866.46086
694.9876574	-17540.63702
6930.826741	-17311.1161
10981.54037	-18407.99152
12985.87876	-20303.49468
13349.44145	-22346.31542
12478.84951	-23957.3089
10755.74679	-24610.30166
8517.263062	-23807.48005
6047.417047	-21053.74976
3519.032352	-16092.33655
834.0842151	-9666.562056
-2129.20519	-2757.459168
-5435.207887	3664.974391
-9092.181798	8634.85764
-13053.15472	11186.12309
-17212.47211	10352.30177
-21390.74527	5521.766411
-25321.70668	-2500.615605
-28764.42991	-12541.95725
-31549.59791	-23407.02393
-33604.02348	-33870.66343
-34972.29916	-42671.68904
-35810.41697	-48515.46748
-36354.70343	-50425.74024
-36907.2175	-48776.41252
-37635.35204	-44313.56456
-38539.07395	-37829.0629
-39512.98123	-30156.76339
-40431.84747	-22161.28298
-41231.04249	-14721.93854
-41894.19791	-8526.801813
-42251.72548	-3502.362405
-42117.83501	601.1687898
-41324.62241	4006.814636
-39706.79309	6900.044345
-37089.85977	9419.099179
-33279.80195	11647.83059
-28181.87749	13578.70145
-22184.05744	15035.08787
-15791.85842	15868.91808
-9503.369055	16032.18924
-3807.746528	15583.85228
814.9819535	14685.38384
3892.956253	13587.38179
5108.413993	12571.71812
4735.315862	11797.40743
3180.18261	11326.49262
831.9492158	11147.34667
-1935.811945	11184.77728
-4762.747129	11310.90334
-7300.156266	11354.66877
-9257.729427	11171.84774
-10540.22418	10843.14849
-11081.79814	10505.00974
-10794.23586	10287.73044
-9566.828157	10311.20179
-7264.639172	10682.55306
-3727.019708	11498.13867
1109.515115	12750.6836
6829.768119	14051.79416
12852.96611	15000.59243
18544.68194	15295.00045
23229.09995	14705.75132
26210.13614	13029.25687
26795.895	10030.57905
24533.66005	5584.106514
19862.11483	223.9918128
13454.9166	-5389.225016
5972.19395	-10586.6743
-1950.900418	-14643.3632
-9680.788696	-16771.214
-16531.51282	-16152.51564
-21845.58933	-12269.97197
-25421.71733	-5759.127689
-27188.09313	2388.504451
-27156.08583	11113.39113
-25481.86867	19328.69604
-22476.79206	25969.36968
-18560.15273	30033.23641
-14185.10616	30875.76822
-9789.927906	29026.49501
-5698.769957	25331.64098
-2149.358602	20642.98056
648.4507494	15795.21598
2475.542181	11599.81197
3094.416143	8852.075469
2360.334848	8139.932824
528.7012266	9237.018308
-2050.411751	11709.85255
-5044.053369	15112.44713
-8149.745055	18977.53267
-11101.9244	22813.81599
-13665.01174	26112.29373
-15684.20903	28459.37525
-17275.79827	29848.08384
-18597.32676	30390.28595
-19775.37634	30216.20041
-20911.34625	29468.90146
-22089.84564	28297.97234
-23387.5644	26853.51234
-24868.64599	25241.43993
-26549.75276	23401.79283
-28427.91736	21230.08403
-30489.40222	18618.63187
-32710.07025	15458.18983
-35057.91296	11640.31607
-37498.01976	7060.595333
-39974.55881	1698.747421
-42348.5136	-4147.419399
-44503.28615	-10080.882
-46375.21513	-15681.81704
-47944.42744	-20513.09206
-49216.31827	-24129.0496
-50193.2125	-26087.92681
-50861.50183	-26083.08612
-51232.19524	-24304.26944
-51269.61368	-21097.919
-50891.29135	-16851.56681
-50000.13374	-11990.00453
-48518.31444	-6968.239547
-46417.71371	-2261.519672
-43740.59787	1732.464571
-40592.69018	4962.8883
-37105.20968	7477.86902
-33413.63395	9344.158956
-29645.08175	10649.76831
-25908.48451	11504.352
-22287.73071	12037.85488
-18837.6508	12398.03132
-15582.51294	12747.42784
-12516.65806	13260.30026
-9607.007958	14119.79684
-6797.400702	15515.62356
