-16633.67339	-6856.161885
-29726.20905	-11281.91347
-38473.44877	-14682.47051
-43426.82475	-17009.59646
-45115.74869	-18260.48844
-44051.77279	-18469.69379
-40734.69382	-17700.38954
-35658.78711	-16035.79825
-29317.62998	-13571.72227
-22206.81187	-10411.24843
-14824.70789	-6662.216461
-7671.989642	-2437.20904
-1250.613527	2145.037824
3937.130759	6958.451912
7540.305365	11840.50992
9813.484276	16507.63394
11165.67025	20654.72633
12009.63849	23985.52835
12761.69076	26209.80223
13841.40263	27040.07232
15671.38408	26188.02251
18503.73857	23509.12662
21899.05059	19444.86601
25240.37593	14574.03723
27906.62247	9469.958459
29275.50496	4710.774016
28726.95581	892.7205587
25645.4105	-1355.591048
19688.45579	-1544.151168
11588.02781	128.5617776
2329.620707	3288.624874
-7122.810142	7542.310665
-15826.09572	12463.23661
-22851.66396	17592.00189
-27274.18121	22446.52026
-28446.5906	26597.38717
-26856.96911	29858.04429
-23257.42887	32116.07655
-18378.98095	33267.73807
-12937.83574	33208.03516
-7641.255228	31822.95531
-3191.858191	28985.52311
-121.6259682	24681.21039
1710.514251	19388.88357
2606.35181	13715.77247
2857.738979	8275.122376
2745.872199	3685.783116
2539.597704	571.385417
2492.300575	-440.4352802
2782.848939	1070.885627
3351.160418	4686.1905
4078.60938	9774.78084
4851.06732	15704.38829
5563.822728	21841.7628
6125.949595	27553.72923
6463.621249	32208.83638
6527.650186	35323.35559
6308.819532	36995.00498
5809.36917	37471.77081
5032.430082	37007.34707
3979.796617	35859.61529
2650.311605	34288.71024
1039.088883	32555.2309
-831.466389	30872.26451
-2818.414575	29264.18203
-4750.641964	27705.36744
-6460.292585	26164.85666
-7783.389317	24604.42035
-8560.377846	22977.04519
-8636.599373	21225.87782
-7941.744224	19294.48002
-6727.064068	17160.99421
-5327.065552	14812.99344
-4079.520291	12240.97259
-3324.692411	9440.532467
-3404.700822	6413.408948
-4663.069843	3167.346275
-7308.794462	-228.3627547
-11007.27311	-3477.445437
-15278.78667	-6239.534903
-19630.35872	-8187.629789
-23555.00323	-9003.13852
-26532.97333	-8368.703941
-28034.86262	-5959.697967
-27700.14465	-1632.144275
-25866.50378	3995.042323
-23056.47022	10130.2709
-19801.55437	15995.4298
-16641.41655	20816.46699
-14128.83906	23817.93611
-12839.338	24219.80239
-13228.12327	21550.3623
-15166.87271	16588.27487
-18366.30707	10401.66697
-22509.63943	4031.659123
-27245.81837	-1501.813582
-32191.64944	-5190.410105
-36942.4182	-6023.879005
-41092.3915	-3337.074783
-44265.34018	2114.092634
-46120.95317	9244.935539
-46345.98715	17003.15744
-44643.62031	24365.06276
-40723.4606	30328.44157
-34291.59451	33899.3103
-25274.71081	34382.50922
-14514.29388	32294.04368
-3057.246636	28420.53959
8071.975689	23512.56046
17857.48204	18296.6803
25276.59252	13490.52632
29287.52429	9817.287839
29185.17998	7807.367989
25688.06295	7172.118953
19863.18378	7424.692073
12773.99303	8081.689395
5484.774327	8657.301343
-939.210824	8659.423598
-5433.026274	7587.203925
-7186.971583	5071.714007
-6408.524932	1303.729003
-3555.169294	-3390.148252
920.5819463	-8688.177655
6569.935183	-14271.11398
12946.15493	-19817.25173
19603.56976	-24994.43007
26101.79086	-29538.86985
32016.52856	-33512.70128
36924.89791	-37032.30118
40402.21138	-40179.03924
42025.76066	-43004.55753
41379.86571	-45542.21813
38059.87703	-47823.06543
31865.59706	-49836.84391
23377.64855	-51380.39963
13377.87595	-52236.67612
2652.414905	-52220.63142
-8009.724938	-51165.26905
-17813.73565	-48913.91445
-25953.93874	-45321.31919
-31811.40048	-40346.66257
-35561.48885	-34310.58889
-37584.68799	-27620.51562
-38273.1331	-20677.07585
-38034.10883	-13870.16747
-37292.00221	-7575.746463
-36489.88397	-2153.217252
-35952.17368	2130.492975
-35465.49601	5316.102778
-34687.05592	7506.807336
-33283.75858	8786.876436
-30934.14845	9220.188097
-27328.67257	8849.60689
-22168.17365	7697.524494
-15338.71315	5789.768247
-7439.167284	3236.61344
763.1537178	217.4579739
8516.660028	-3027.87377
15088.53735	-6202.312087
19767.0809	-8960.261627
21864.59764	-10922.10398
20949.54331	-11800.78812
17529.23031	-11752.67877
12340.14224	-11100.63706
6111.54236	-10221.64311
-438.2483342	-9528.742687
-6608.018902	-9458.17502
-11722.53067	-10463.906
-15312.58357	-12854.56159
-17622.4491	-16296.57511
-19064.45248	-20276.77462
-20032.70372	-24262.22252
-20894.41088	-27703.89723
-21982.63916	-30040.12655
-23591.41999	-30699.85911
-25878.04635	-29257.02682
-28585.99773	-25892.05962
-31369.87551	-20955.48605
-33902.21789	-14816.21272
-35874.45864	-7856.595341
-36997.07297	-469.0308784
-36999.70084	6946.061121
-35710.88092	13995.73583
-33295.81149	20342.44031
-30016.63183	25678.32258
-26153.68769	29714.18352
-22006.88315	32178.64509
-17896.5445	32817.76424
-14163.24795	31394.77262
-11126.84586	27866.887
-8955.266531	22914.12656
-7739.98668	17397.08348
-7524.821326	12174.91359
-8307.421635	8102.806953
-10041.87229	6029.474987
-12641.90854	6794.371538
-15926.78377	10894.06029
-19466.59766	17485.90026
-22822.01366	25372.58339
-25615.73564	33337.76519
-27527.79653	40154.60673
-28288.26767	44593.6683
-27666.45039	45428.71763
-25617.55856	41828.08585
-22738.81181	34525.23314
-19736.56208	24665.60324
-17266.53619	13415.1352
-15945.56909	1958.490445
-16355.16325	-8497.959659
-19039.18927	-16723.3793
-24264.72932	-21753.58681
-31321.09493	-23772.33126
-39274.29861	-23284.21996
-47211.69229	-20831.72772
-54235.2585	-16987.26239
-59453.90338	-12344.54629
-61979.40352	-7513.951496
-61237.64566	-3064.073167
-57900.71883	659.2950852
-52971.1169	3370.900731
-47478.92747	4793.238768
-42482.42988	4668.988644
-39064.97206	2782.377013
-38328.38215	-1015.989106
-41032.44539	-6636.698855
-46524.50389	-13306.46859
-53749.11387	-20100.58723
-61585.96558	-26134.08944
-68857.58073	-30579.36524
-74351.13494	-32677.16377
-76850.96602	-31743.0975
-75468.20111	-27424.64245
-70554.99333	-20451.20023
-62828.25257	-11812.75764
-53041.99212	-2488.103358
-41957.69495	6557.979479
-30337.01801	14379.69763
-18955.71363	20061.63218
-8496.562244	22941.80003
838.7134018	23236.02329
8976.999167	21403.9383
15863.35234	17933.76648
21471.92853	13333.89619
25812.70852	8123.298628
28932.8927	2823.072831
30914.15508	-2049.484766
31868.06485	-5983.996145
31931.91747	-8477.945563
31266.17397	-9036.645745
30052.86181	-7173.571935
