51155.37484	-73393.18224
57962.81887	-82745.21538
57471.09406	-89679.32828
51227.5356	-93937.25743
40881.95351	-95429.72582
28065.88547	-94210.05763
14267.90179	-90429.40626
749.9199514	-84299.89158
-11480.19344	-76076.90127
-21651.36956	-66059.29591
-29189.29229	-54600.69753
-33672.13117	-42126.14574
-34792.29972	-29152.0638
-32327.13478	-16309.82008
-26290.56053	-4291.238115
-17424.72723	6412.669795
-6622.267192	15422.55064
5254.57418	22425.31625
17361.11942	27169.46423
28855.33113	29465.07694
38886.81751	29194.09332
46698.35724	26381.89266
51957.85968	21351.07591
54512.6111	14516.05098
54307.10797	6333.819177
51385.21089	-2681.9679
45886.42225	-11952.68931
38038.64812	-20830.07079
28215.32094	-28655.62773
17110.22981	-34967.1124
5487.541106	-39404.16161
-5900.006908	-41687.33444
-16318.69313	-41642.73593
-25066.53695	-39228.25507
-31489.1617	-34557.95413
-35096.06382	-27958.03283
-35885.19307	-20061.74177
-34070.82688	-11576.79743
-29967.84808	-3200.54726
-23964.3459	4396.437961
-16498.16011	10577.29417
-8040.397267	14734.77697
867.8461869	16409.42343
9510.628215	15684.11376
17244.07045	12847.28049
23552.47059	8286.026662
28031.00257	2509.484741
30375.44682	-3818.57352
30379.25562	-9848.83529
28089.92788	-14696.35448
24236.8308	-17996.25595
19623.57169	-19629.4852
14943.41346	-19631.25363
10783.52709	-18200.8142
7624.345923	-15699.29693
5834.950659	-12643.94442
5576.575703	-9591.504976
6554.465505	-6769.012201
8402.878777	-4297.553159
10806.92347	-2278.00271
13505.56188	-793.5582267
16292.99574	87.19644404
19017.91483	307.1103744
21553.26597	-163.8966433
23713.50848	-1266.519144
25349.77399	-2871.234483
26378.90979	-4782.491497
26782.48253	-6731.092247
26606.72641	-8367.02976
25962.21888	-9255.3633
25070.25447	-9034.167711
24364.51032	-7910.802302
24187.76147	-6274.478631
24710.99619	-4561.62845
25941.62165	-3255.430131
27731.32367	-2884.312804
29785.08536	-4021.619733
31667.05162	-7078.020156
32844.88638	-11667.5793
32916.28037	-17197.56593
31654.6876	-23063.82495
28993.12899	-28646.16595
25007.86556	-33306.58058
19903.07384	-36391.37407
14033.6629	-37397.73119
7971.630514	-36475.16422
2252.313309	-33990.02026
-2692.045181	-30371.60837
-6522.61363	-26106.37972
-8981.970038	-21734.12415
-9881.437057	-17848.46593
-9211.382925	-14988.29904
-7478.667796	-13277.64028
-5257.650072	-12668.75929
-3050.340943	-13033.40421
-1290.383653	-14160.72513
-349.202174	-15749.05245
-546.3444059	-17393.06542
-2031.801563	-18660.39676
-4417.995183	-19382.17593
-7250.068211	-19493.09359
-10152.85909	-18971.04349
-12821.9465	-17839.23498
-15010.64533	-16168.19425
-16515.95556	-14078.49284
-17204.72543	-11730.82567
-17118.99223	-9281.196504
-16348.18309	-6898.890778
-14987.9208	-4779.244963
-13140.683	-3149.60652
-10916.84743	-2274.59522
-8435.993328	-2460.448613
-5881.94339	-3928.826891
-3640.622505	-6413.831275
-2046.424437	-9483.098246
-1306.798615	-12636.3998
-1501.277057	-15289.4215
-2579.694013	-16761.48631
-4363.610093	-16269.97665
-6478.25824	-13226.07552
-8195.681356	-8148.970032
-8894.46567	-1897.588116
-8180.927465	4583.459246
-5875.388905	10254.37324
-2004.108083	13973.74469
3204.092463	14493.34939
9220.127306	10858.93915
14992.52322	3654.124059
19548.93158	-6083.112342
22148.64649	-17219.70714
22271.19833	-28509.08276
19631.78383	-38573.51431
14213.57634	-45895.4099
6427.844635	-49217.27004
-2565.631698	-48779.6711
-11618.55525	-45297.30154
-19817.91753	-39590.49658
-26470.70671	-32567.07033
-31085.60021	-25217.70538
-33369.70253	-18633.65572
-33368.35865	-13780.96492
-31799.6056	-10715.20227
-29468.67917	-9221.440363
-27086.34631	-9027.041881
-25263.86916	-9788.483075
-24508.91682	-11081.11799
-25223.07813	-12393.19301
-27579.81984	-13189.69178
-31174.52222	-13143.17474
-35434.00923	-12064.59277
-39747.5973	-9866.551066
-43465.6419	-6555.394018
-45898.16706	-2218.520133
-46312.20841	2989.930945
-44113.96734	8777.194021
-39428.09467	14502.3207
-32624.71901	19550.93736
-24157.84878	23412.92928
-14583.86973	25652.29427
-4596.787558	25904.32664
4929.887394	23901.50738
13105.63332	19622.37098
19634.36026	13602.33951
24404.20641	6472.898846
27373.1876	-1179.016965
28603.29688	-8815.979745
28277.36859	-15961.37309
26700.72265	-22213.85957
24231.49744	-27262.80397
21083.1054	-30887.08149
17495.31727	-32913.32894
13787.94097	-33215.49224
10352.10461	-31721.75093
7638.116636	-28411.73619
6141.024979	-23303.81076
6319.750658	-16586.21774
8348.015569	-9037.301331
12159.6617	-1513.805636
17486.00383	5207.375061
23863.0543	10415.22859
30634.25042	13451.71917
36954.25812	13707.98083
41917.51304	10893.20349
44997.15828	5810.340864
45990.99658	-503.1354844
44982.65612	-7062.380092
42341.33739	-12949.50635
38712.83058	-17329.61509
34998.4734	-19459.9629
32142.68967	-18984.71518
30478.92327	-16777.68692
29917.20113	-13881.99672
30061.13151	-11166.73289
30246.96916	-9326.29523
29586.47522	-8880.445834
27010.27499	-10172.53084
21628.36677	-13123.30391
13782.88422	-16572.36709
4366.678135	-19299.96182
-5468.644304	-20344.04379
-14357.32012	-19022.93452
-20760.38968	-14986.78744
-23016.87988	-8280.34669
-19832.95701	482.7841347
-11656.06133	9843.347123
366.7117695	18403.99585
14800.6346	25116.01319
29984.55908	29291.63962
44097.3215	30611.63368
55238.87895	29142.17231
61856.70013	25421.59432
63838.75493	20580.24123
61672.56118	15737.5464
56090.81669	11812.21922
47983.87511	9516.870642
38319.83201	9374.982065
28093.01916	11743.566
18198.44853	16753.82162
9100.696145	24115.11767
1095.795406	33392.07235
-5580.410768	44064.22315
-10741.40471	55494.26105
-14251.17864	66910.10371
-16034.7798	77415.50658
-16099.97101	86115.86082
-14557.66615	92432.99941
-11553.92228	95990.67237
-7253.72518	96623.32304
-1836.237323	94416.19398
4516.783496	89692.45972
11634.08602	82954.73448
19319.96967	74746.37083
27219.22803	65408.07531
34940.51336	55229.00349
42109.96474	44487.76322
48381.02584	33446.24955
53440.02247	22350.35566
57008.59157	11427.88918
58909.59008	897.2401764
59263.27788	-8998.393593
58278.48135	-18087.5475
56167.82532	-26296.97573
53128.84205	-33643.87062
49327.88182	-40222.56755
44887.85015	-46188.19523
39880.09361	-51739.22826
34320.12538	-57099.95707
28166.67277	-62502.88432
21323.92151	-68170.18406
13647.8196	-74292.72584
