25472.92741	34720.67151
40115.28111	20612.17407
49526.63602	9934.512675
54433.55983	2326.860676
55559.40299	-2559.088064
53647.26076	-5052.965229
49451.44018	-5493.239737
43714.5201	-4259.663883
37144.43252	-1794.636693
30399.63622	1390.208451
24083.68159	4717.972427
18745.9571	7554.375879
14884.03753	9214.49179
12943.96919	8966.3166
13132.47201	6270.166045
14874.76818	1507.911835
17431.67734	-4675.529259
20101.18711	-11595.44539
22224.80229	-18524.25502
23199.62402	-24686.27682
22492.63604	-29251.80379
19790.86688	-31574.90581
15404.73272	-31929.82469
9771.134338	-30837.52413
3287.507122	-28842.0208
-3691.365645	-26513.46705
-10850.83573	-24447.65027
-17910.70334	-23263.5548
-24656.51326	-23400.77126
-31036.23485	-24514.7793
-36999.13917	-26062.87083
-42448.13547	-27497.59533
-47246.00948	-28263.35597
-51228.12212	-27794.58262
-54220.58679	-25516.50794
-56064.7528	-21079.03038
-56651.24981	-15053.0138
-55923.17521	-8246.009911
-53861.3722	-1476.057932
-50478.45528	4426.540752
-45828.25818	8618.445187
-40026.40882	10242.82495
-33342.30771	8710.261943
-26399.90664	4548.791252
-19875.50591	-1411.019796
-14376.99509	-8301.972505
-10423.37093	-15214.81215
-8441.02301	-21199.42597
-8773.268463	-25272.08535
-11520.64931	-26690.47718
-16041.25965	-25764.40115
-21541.50151	-23096.27724
-27263.8755	-19311.98543
-32488.7584	-15049.345
-36546.07356	-10957.74406
-38835.00026	-7712.297995
-38968.53892	-5823.78479
-37139.31279	-5006.949503
-33668.73299	-4803.622783
-28839.72231	-4784.887645
-22873.80974	-4539.05944
-15918.08571	-3657.555113
-8042.07938	-1721.578502
671.4825585	1491.823128
9840.341679	5372.051047
18958.04337	9151.080623
27452.22661	12123.28451
34677.83522	13641.09709
39916.46189	13108.83576
42384.5125	9972.414994
41499.93361	4001.528233
37671.91622	-3849.615171
31637.24193	-12399.88812
24214.90583	-20537.57136
16292.3289	-27202.18266
8824.549939	-31374.10425
2845.052588	-32073.4352
-751.3581681	-28706.8519
-1924.162843	-22081.71384
-913.0674349	-13314.91607
1959.366642	-3475.771196
6286.183125	6414.326293
11575.35393	15384.1621
17248.25454	22514.42184
22745.08938	27127.72207
27862.75016	29349.78067
32512.53098	29483.98135
36637.91439	27797.52975
40218.26515	24511.21664
43267.67082	19793.46545
45828.23898	13759.29779
47922.62079	6558.851587
49437.46858	-1356.36018
50241.83276	-9465.801939
50223.74607	-17245.50147
49296.41463	-24148.17077
47414.33028	-29582.09865
44593.91693	-32892.20676
40951.4198	-33598.89197
36748.57454	-32155.2966
32238.53365	-29229.78505
27610.09855	-25484.20807
22978.22329	-21592.76989
18380.30412	-18253.12726
13775.57245	-16192.42852
9067.022863	-15928.48217
4188.229828	-17043.14717
-879.7974011	-18904.95887
-6107.840973	-20901.15734
-11413.39045	-22427.42235
-16652.85627	-22879.89486
-21612.8259	-21650.1856
-26010.49342	-18339.27734
-29534.48434	-13407.14871
-31910.45077	-7536.509393
-32923.94782	-1425.442489
-32428.49273	4208.424069
-30349.40871	8626.556197
-26682.22392	11069.21958
-21588.71247	10983.53803
-15675.94533	8719.468731
-9600.187153	4883.990716
-3946.511849	123.1289578
764.9643724	-4874.145515
4074.285503	-9368.317334
5580.214773	-12560.58342
5113.536343	-13798.93446
3236.303119	-13231.47144
651.0196448	-11246.55142
-1988.762282	-8284.38926
-4076.569858	-4839.955147
-5051.68187	-1463.895994
-4399.232738	1236.590639
-1826.114063	2730.213535
2225.992797	2979.718306
7147.997083	2109.420701
12348.19179	291.8166879
17252.01188	-2248.461283
21302.92514	-5231.818665
23964.63548	-8323.598268
24869.01141	-11191.83812
24249.03313	-13689.0231
22487.47296	-15749.06827
19967.04984	-17347.01019
17069.04902	-18496.09895
14171.82432	-19243.59326
11649.57016	-19666.84662
9791.926414	-19881.9153
8563.832174	-20069.67941
7839.330158	-20417.03147
7480.221822	-21100.14443
7336.414959	-22285.02552
7246.324253	-24127.85721
7037.423475	-26775.48149
6529.262891	-30260.31842
5549.73339	-34184.0494
3963.486013	-38040.02213
1678.133754	-41324.72367
-1357.456382	-43542.56609
-5157.303724	-44207.637
-9705.173879	-42839.66689
-14860.59921	-39134.96786
-20070.92835	-33505.42684
-24729.27834	-26550.83789
-28280.96917	-18879.07778
-30213.33011	-11108.63139
-30047.70093	-3876.48228
-27334.16998	2152.638264
-21865.57302	6412.370763
-14319.292	8846.508566
-5570.638269	9569.836665
3528.519789	8746.148051
12142.29823	6582.188732
19442.80672	3322.398953
24603.90187	-754.2432698
26995.43399	-5323.700925
26776.85253	-9993.588849
24314.49658	-14387.46961
19988.3976	-18164.78884
14192.6003	-21014.99326
7333.987997	-22650.29696
-168.8265589	-22796.99353
-7880.27049	-21302.39826
-15337.68191	-18477.65488
-22090.07701	-14751.54385
-27705.53415	-10559.82555
-31767.42689	-6351.389428
-33871.92592	-2593.746613
-33626.76993	223.0145704
-30836.56679	1694.915265
-26054.36942	1846.591545
-20005.01288	840.505614
-13398.04731	-1124.322346
-6931.830288	-3812.70867
-1296.582689	-6952.086923
2824.107949	-10230.28998
4895.992724	-13333.62956
4961.426605	-16074.12962
3205.494767	-18308.37368
-186.6236395	-19909.78572
-5027.797092	-20770.13132
-11126.86795	-20798.28239
-18285.89166	-19916.039
-26211.74531	-18097.69402
-34260.64634	-15506.14143
-41700.51086	-12371.71095
-47801.86256	-8956.91073
-51847.19938	-5569.630122
-53144.25748	-2578.842732
-51039.25685	-425.9639399
-45221.6711	492.9109913
-36603.80143	219.1001572
-26385.5878	-1010.447624
-15738.61088	-2841.509112
-5803.519815	-4800.037558
2306.191538	-6303.767732
7499.988688	-6686.689737
9042.861998	-5420.538906
7546.928517	-2728.114166
3945.189129	883.5007498
-840.5278587	4805.377745
-5899.136791	8348.699421
-10341.75561	10761.88795
-13321.61163	11241.97076
-14264.04694	9197.173252
-13490.15412	5029.085394
-11523.05655	-566.8314847
-8854.450731	-6841.568964
-5940.489412	-12999.57722
-3201.145604	-18209.03241
-1017.660218	-21612.05295
374.7649533	-22550.5259
1182.81099	-21229.60082
1717.34734	-18086.7352
2282.359864	-13577.23756
3170.342178	-8171.831148
4655.316926	-2354.312415
6985.174938	3380.965527
10322.98621	8616.868676
14591.82306	13273.6423
19649.72374	17366.74088
25346.8684	20923.43419
31525.17823	23980.56469
38017.22191	26582.13828
44644.92872	28777.08492
51218.81836	30617.47293
57538.57892	32157.36382
63395.77556	33452.35576
68579.18049	34559.69397
72882.65002	35538.64842
