30949.1453	18854.62582
28616.81104	7626.396886
28269.74589	-88.88576734
29626.70311	-4872.411121
32373.63103	-7262.469589
36175.27636	-7763.884542
40679.96938	-6852.720034
45519.68735	-4977.259443
50308.19323	-2556.775427
54640.09588	19.96399525
58093.16987	2394.114145
60235.11432	4231.72574
60634.13178	5212.669827
58870.64911	5013.751898
54713.68568	3424.207789
48627.10491	733.2160234
41266.81806	-2688.546818
33298.21931	-6510.837196
25383.68211	-10425.52987
18178.25939	-14133.52945
12331.80427	-17338.59092
8296.273239	-19834.79809
5734.805073	-21768.10327
4109.193839	-23357.65711
2876.557457	-24804.64781
1490.082951	-26291.96855
-599.6907778	-27983.26843
-3942.805926	-30022.05225
-8922.618627	-32443.77923
-15257.06203	-34917.28379
-22479.88235	-37020.51764
-30102.23188	-38327.48273
-37614.5869	-38404.68494
-44492.2894	-36810.48133
-50205.32757	-33098.49729
-54304.00288	-27046.87237
-56652.89668	-19332.00411
-57228.6338	-10866.87219
-56048.43101	-2583.834146
-53173.09619	4561.627273
-48716.00679	9586.952647
-42852.83036	11477.70659
-35907.24406	9534.04258
-28572.6409	4428.559652
-21578.31427	-2812.797524
-15570	-11139.66622
-11103.30848	-19466.17391
-8650.410453	-26665.86866
-8616.421588	-31570.37909
-11124.69945	-33301.09217
-15337.68704	-32273.74147
-20227.21294	-29248.88954
-24819.11916	-25012.0726
-28185.55026	-20374.78192
-29439.07166	-16177.5723
-27728.15576	-13296.1554
-22582.91435	-12395.02007
-14954.65689	-13159.53808
-6126.934607	-15013.8102
2641.94067	-17357.65197
10113.18973	-19557.84018
15063.02606	-20937.26105
16284.54363	-20763.69001
13044.37976	-18498.94484
6428.662841	-14582.1582
-2022.567211	-9720.627994
-10778.6184	-4656.785238
-18333.52225	-174.005021
-23220.25154	2900.067025
-24016.30106	3689.067264
-19815.7199	1593.000075
-11644.9742	-2712.42111
-975.1199658	-8230.002334
10762.91507	-13960.28914
22162.35783	-18891.61118
31825.39691	-21977.90357
38359.87152	-22106.43693
40783.52098	-18482.17923
39707.98793	-11874.95608
36131.86162	-3441.232368
31033.14324	5649.606117
25358.77992	14198.66484
20018.48114	20973.69195
15888.89633	24708.68377
13629.96393	24492.9475
13111.65533	20947.10967
14045.31275	15049.92292
16177.41221	7747.323528
19271.38164	-42.24813716
23091.84608	-7418.253371
27396.12324	-13485.54612
31906.71484	-17567.80145
36231.60014	-19878.41622
39948.08643	-20828.97829
42635.37388	-20798.86235
43878.60709	-20134.38958
43269.96776	-19149.34053
40406.42796	-18127.54482
35079.40336	-17259.86621
27854.97962	-16452.35407
19489.70186	-15557.08515
10735.18922	-14449.98688
2339.53878	-13032.03635
-4949.364121	-11227.89555
-10380.70525	-8983.58746
-13406.49118	-6333.52999
-14305.76354	-3601.210507
-13574.39496	-1170.439152
-11721.42295	586.2076108
-9268.895046	1304.084531
-6751.064277	623.515736
-4713.666325	-1812.828684
-3586.374039	-6155.963276
-3294.725586	-11735.71831
-3616.605811	-17686.07581
-4302.131919	-23145.74954
-5072.491829	-27250.38114
-5620.022354	-29127.35304
-5610.55014	-27893.78561
-4756.520909	-23014.03473
-3037.176286	-15371.54682
-531.8162832	-6198.225957
2643.480069	3278.99729
6338.885761	11835.55993
10370.24776	18247.58035
14516.99158	21289.55895
18508.72604	20118.50634
21999.13397	15434.289
24657.21283	8315.210437
26192.76485	-169.3973578
26351.5524	-8957.300847
24907.33207	-16989.82164
21653.49907	-23206.84956
16529.07048	-26822.15757
10008.39603	-28163.88002
2682.760696	-27836.31692
-4872.129438	-26438.68764
-12089.97381	-24566.06052
-18409.44692	-22814.2943
-23273.19516	-21788.36503
-26268.06048	-21930.69074
-27537.84996	-22981.06571
-27360.53119	-24510.6338
-26009.1812	-26098.58029
-23752.23046	-27329.23451
-20852.22289	-27788.18625
-17563.47329	-27056.93159
-14124.76351	-24870.7413
-10748.02874	-21606.52418
-7647.643175	-17785.32287
-5048.847653	-13908.55942
-3188.506509	-10462.44757
-2316.893283	-7924.808636
-2700.215807	-6773.387183
-4489.258247	-7315.911163
-7314.329237	-9163.701525
-10670.0871	-11781.9645
-14045.55123	-14667.33934
-16923.36772	-17340.32647
-18776.57774	-19334.16514
-19061.99326	-20179.67232
-17409.39946	-19547.78529
-14212.83646	-17712.64434
-10047.48876	-15057.29585
-5478.065921	-11922.63485
-1065.253644	-8622.189564
2626.499791	-5454.630231
5021.046477	-2713.386707
5690.165963	-615.1331714
4851.427551	929.231319
2875.697755	2064.054695
125.1818788	2910.167701
-3043.293002	3568.984334
-6275.187122	4126.035072
-9215.387658	4653.511779
-11588.86909	5184.906521
-13449.54974	5636.882085
-14934.13948	5895.453331
-16181.51132	5843.289381
-17334.73386	5359.143094
-18543.05562	4317.848589
-19963.85244	2590.578761
-21691.28676	102.6409437
-23535.73932	-2995.394195
-25234.10171	-6506.752988
-26517.24488	-10245.44233
-27105.40114	-14032.71341
-26703.24883	-17691.83237
-24995.2912	-21040.6818
-21793.99724	-23910.24589
-17494.91864	-26215.89781
-12630.81489	-27858.85367
-7727.877519	-28700.90068
-3312.122406	-28573.567
85.16031657	-27289.26953
1922.939662	-24654.16189
1801.274847	-20564.15235
-77.57233691	-15264.33989
-3369.593848	-9110.758616
-7735.10465	-2483.438857
-12830.70795	4222.064407
-18304.75663	10601.94143
-23798.10466	16248.24064
-28952.65018	20839.00512
-33425.13951	24405.32653
-36882.67976	27058.38276
-39002.06675	28896.22186
-39470.29905	30001.0382
-37983.56558	30437.50231
-34245.00493	30252.06394
-28166.18865	29444.66366
-20480.3182	27894.4454
-12139.21312	25481.70212
-4116.069338	22132.23283
2591.196236	17826.34348
6961.916932	12607.21374
7962.515002	6585.505844
4920.094243	34.23881091
-1383.629512	-6349.844513
-9744.904602	-11831.95771
-18891.51465	-15765.47569
-27496.23116	-17594.943
-34194.04779	-16853.21131
-37599.38343	-13149.91398
-36690.4324	-6401.007646
-31936.87416	2457.315986
-24222.31099	12298.44397
-14466.37589	22057.87269
-3617.280532	30712.20228
7337.420434	37267.23741
17345.75856	40761.80908
25499.02067	40565.948
31739.43092	37230.23697
36233.90481	31603.72426
39178.75833	24538.16769
40816.90825	16881.63281
41445.79692	9471.959415
41419.36582	3130.152422
41077.42206	-1499.447528
40523.83269	-4409.26205
39806.45483	-5761.22288
38979.13357	-5732.512558
38099.30383	-4515.661975
37224.03006	-2317.29351
36405.1821	644.1961651
35684.56781	4141.581813
35089.74623	7941.993622
34631.03904	11810.10295
34300.03058	15511.24668
34069.64017	18814.53878
