-6313.071822	1651.263978
-6556.76244	3052.005307
-6017.389188	3945.217355
-4816.544205	4386.079335
-3079.006441	4424.732031
-932.4603259	4108.378964
1493.168047	3483.231694
4066.663818	2596.307905
6656.692786	1497.06181
9133.14569	238.8054853
11368.64278	-1120.129804
13240.19831	-2515.539087
14631.0428	-3876.822234
15432.58597	-5126.782281
15604.17794	-6188.434289
15347.11913	-7008.66068
14927.95334	-7550.945719
14616.7611	-7791.69577
14683.07023	-7719.985392
15391.46788	-7337.2129
16996.9594	-6656.433485
19653.86855	-5727.83183
23152.10981	-4712.576249
27172.53862	-3781.484068
31377.22269	-3082.29237
35416.633	-2740.072013
38938.52235	-2860.093572
41598.10704	-3533.711534
43094.02873	-4803.86289
43254.59409	-6545.952847
41969.23679	-8609.251351
39160.8403	-10866.08375
34778.37831	-13214.25058
28787.16051	-15576.70746
21158.35335	-17898.64665
11961.82481	-20136.3373
1666.338928	-22233.09252
-9167.185945	-24135.48725
-19982.00156	-25792.60829
-30215.70654	-27148.76369
-39291.15697	-28135.76322
-46613.59073	-28663.62213
-51728.15781	-28636.97535
-54786.915	-28028.62084
-56117.83096	-26804.53568
-56088.49841	-24909.92127
-55111.71231	-22283.38737
-53642.24071	-18869.1028
-52166.4759	-14624.39523
-51052.57839	-9606.817084
-50127.65953	-4223.380106
-49069.23968	1042.616336
-47538.01298	5721.741098
-45181.53026	9354.24767
-41638.3869	11479.32984
-36538.65045	11619.12661
-29699.20977	9465.444244
-21719.17071	5479.745212
-13376.99386	278.3513543
-5429.83551	-5556.762007
1377.126059	-11462.36309
6293.796471	-16881.55473
8547.132303	-21252.26067
7647.599777	-24142.154
4347.016795	-25674.41716
-300.2177998	-26067.65032
-5246.110377	-25491.55912
-9445.620063	-24075.90187
-11854.97431	-21919.62637
-11427.8372	-19101.64074
-7462.525862	-15713.42197
-658.697809	-11932.1882
7954.503728	-7979.741095
17367.9419	-4090.577445
26580.84722	-491.614934
34591.08168	2610.517367
40392.7587	5026.055677
43210.98576	6603.273094
43197.32362	7333.222362
40752.11881	7208.983179
36298.02082	6175.40236
30274.90406	4129.842853
23130.0641	930.1760387
15307.25374	-3594.559781
7260.264348	-9485.757362
-491.3475846	-16198.04479
-7459.451874	-23027.77125
-13212.64048	-29245.72501
-17366.17817	-34081.64103
-19567.07024	-36707.59528
-19475.54153	-36222.09142
-16948.61493	-32020.10424
-12624.20552	-24944.48254
-7274.073311	-16189.30048
-1607.752731	-6942.165866
3717.328123	1601.555768
8096.668379	8216.414789
10982.34625	11609.11167
12068.88716	10843.68636
11832.55466	6736.742499
10883.74178	478.2160485
9762.338262	-6798.437376
8945.887895	-13977.49289
8852.156626	-19923.59631
9830.772348	-23442.06453
12027.29221	-23628.2532
15028.67906	-21020.4449
18309.69287	-16464.82929
21391.21914	-10763.13676
23853.90277	-4704.133017
25340.99024	912.502707
25550.33188	5259.737028
24341.40811	7694.908699
22079.50138	8428.184864
19228.19093	7871.063398
16220.72804	6422.077092
13465.59287	4473.785648
11353.41732	2421.742218
10264.49421	674.48237
10433.46944	-456.2339778
11529.35039	-1111.701715
13095.34377	-1549.82291
14689.6374	-2035.982284
15879.53393	-2848.080181
16235.48219	-4280.663057
15324.97561	-6648.055868
12864.9957	-10166.91326
9191.875676	-14593.37393
4781.794174	-19555.71356
101.1530897	-24658.91659
-4380.101382	-29476.83674
-8175.285842	-33550.37819
-10770.78463	-36394.20026
-11774.44688	-37646.48554
-11378.00776	-37491.45483
-9913.781235	-36272.1085
-7718.862143	-34357.3289
-5146.084831	-32135.01913
-2568.080285	-30002.51778
-375.8588414	-28358.15219
1087.971498	-27473.06482
1721.753523	-27120.9552
1487.415072	-26950.05576
351.6052803	-26608.02807
-1714.357388	-25742.58999
-4735.522454	-24000.85994
-8733.732236	-21027.16932
-13651.98137	-16630.13086
-19128.54316	-11291.48053
-24711.73319	-5656.438083
-29930.58465	-369.8878646
-34301.48503	3912.987872
-37347.21773	6515.272501
-38626.08374	6730.447265
-37887.4821	4081.897958
-35454.46164	-884.622377
-31807.17297	-7353.63308
-27420.48044	-14485.42068
-22738.61045	-21413.38073
-18162.0691	-27248.62158
-14046.09791	-31088.86608
-10662.16404	-32274.77617
-8079.562561	-31137.12491
-6331.945187	-28260.76107
-5467.050635	-24234.2614
-5542.771984	-19645.36917
-6623.798471	-15078.75527
-8779.903812	-11116.68243
-11983.04664	-8198.529913
-15797.15289	-6195.925919
-19679.28839	-4855.396056
-23084.71885	-3944.659338
-25471.40485	-3250.543135
-26303.27647	-2572.859126
-25051.40271	-1713.124979
-21422.00467	-524.0238373
-16041.68035	911.3669151
-9764.746414	2483.559715
-3440.195832	4111.038989
2088.4096	5725.552675
5980.796248	7260.953807
7397.905921	8647.114098
5782.607469	9820.721826
1704.304236	10759.47789
-3983.376051	11426.2875
-10424.97104	11748.31729
-16766.19542	11614.52606
-22157.67427	10880.13315
-25758.21536	9381.852763
-26954.50848	7027.585437
-26014.59138	4014.783317
-23429.61784	652.8845562
-19692.78373	-2703.89332
-15296.37685	-5666.270628
-10727.98649	-7820.432261
-6465.577909	-8736.993618
-2906.30873	-8137.723073
-165.4177403	-6380.992703
1727.081119	-3988.565103
2753.46684	-1492.9212
2899.581083	556.8789265
2147.007537	1590.642911
466.2334463	1013.174517
-2117.090593	-1565.685529
-5309.493402	-5630.681192
-8764.666927	-10449.52704
-12147.9386	-15294.40151
-15128.39313	-19431.84005
-17372.26672	-22113.80892
-18537.32438	-22569.8464
-18394.55998	-20280.00559
-17203.02247	-15812.41236
-15325.72914	-9999.084179
-13106.9441	-3669.198746
-10878.60619	2341.048146
-8968.569027	7180.017187
-7711.713331	9973.712117
-7374.537351	10106.56425
-7900.642514	8078.158952
-9177.510884	4660.566428
-11112.54334	622.5716841
-13619.28815	-3265.719266
-16607.13325	-6232.285741
-19974.34312	-7505.648785
-23551.98788	-6537.984934
-26946.48808	-3664.910644
-29689.03042	557.0845827
-31292.70684	5574.919367
-31262.40904	10843.66449
-29105.98209	15831.93532
-24345.35997	20028.43603
-16730.03247	23040.58792
-6854.458919	24871.98377
4458.092043	25640.33005
16363.39327	25477.78657
27995.67216	24521.60582
38465.54198	22902.13614
46862.4252	20728.02488
52475.62369	18093.63491
55440.76617	15142.83582
56131.45346	12017.22211
54959.70886	8849.140317
52375.62498	5774.342073
48859.32569	2941.397026
44908.88368	516.8806298
41027.89485	-1313.763369
37715.13314	-2349.126378
35457.05024	-2377.383553
34722.55677	-1182.833687
35958.83923	1448.616854
