-58174.27429	-6620.665186
-60338.97826	4441.418066
-60824.31037	12703.04972
-59828.52273	18540.91366
-57519.13341	22305.80916
-54048.97397	24311.20123
-49556.80353	24832.52864
-44163.73713	24112.93338
-37971.02028	22372.2183
-31060.77074	19816.35014
-23499.23839	16645.46426
-15341.58808	13059.26808
-6637.619763	9259.784241
2561.405334	5452.238419
12195.34434	1794.78993
22188.28163	-1752.40079
32432.69446	-5273.673494
42770.63688	-8843.189255
52973.92661	-12518.54152
62727.20064	-16333.50357
71620.46201	-20292.29796
79232.27715	-24306.88554
85381.45515	-28017.58378
89949.9758	-30986.93871
92862.96079	-32780.80671
94137.50174	-32991.86387
93914.41509	-31259.82846
92465.35584	-27282.53405
90114.78033	-20978.31847
87022.52092	-12963.12582
83310.74617	-4034.587886
79094.06239	5013.232541
74478.62276	13402.82053
69581.41901	20377.62862
64555.00765	25200.08112
59573.86106	27344.17789
54737.05462	27082.25682
50099.77573	24881.06876
45659.10861	21199.44089
41330.84355	16489.59099
36943.66493	11202.20957
32247.0201	5793.299346
27027.15284	696.3702552
21427.9533	-3776.197951
15674.67655	-7330.294713
9990.746698	-9664.164768
4606.258149	-10476.87386
-239.5847591	-9472.55312
-4298.843366	-6358.986135
-7363.190344	-1037.422132
-9406.918502	5816.794784
-10440.27865	13351.2039
-10460.5414	20736.00359
-9448.110122	27162.5627
-7357.356847	31836.51778
-4102.585734	33964.88096
325.9423892	33044.74001
5471.30235	29764.99427
10779.27679	25078.49983
15702.1446	19901.05721
19672.5666	15124.04259
22078.84101	11629.95662
22242.4514	10308.92836
19693.92863	11745.0598
15053.27637	15240.56666
9181.94452	19808.90223
2916.077586	24494.78496
-2911.568314	28362.22989
-7443.626934	30481.76846
-9757.352436	29914.78117
-9141.601882	26073.85648
-6050.758867	19839.97361
-1168.757641	12412.10234
4869.270089	4936.39401
11436.9038	-1481.363293
17882.25371	-5762.627132
23495.89383	-6836.734246
27670.10347	-4017.421732
30455.17077	1810.384014
32021.33354	9419.627719
32492.08125	17635.67789
31959.99442	25319.84633
30499.38335	31356.51153
28178.65401	34645.27574
25081.63412	34435.65977
21344.59458	31341.615
17156.81553	26308.45029
12754.22821	20263.38738
8407.798751	14112.15509
4409.244155	8742.156046
1058.239175	5030.211456
-1400.385028	3588.386905
-2944.006222	3981.345983
-3622.203497	5513.947813
-3500.626977	7489.097636
-2653.9947	9202.171079
-1158.21924	9934.962552
917.8469136	8948.445575
3492.753042	5731.52976
6396.912747	767.7038492
9453.91672	-5226.692243
12496.08304	-11543.98834
15353.61266	-17466.7827
17848.75894	-22248.80403
19795.08559	-25098.86297
21067.35206	-25427.5421
21801.03394	-23618.39289
22179.4951	-20289.88269
22367.40631	-16061.7452
22513.7137	-11566.8061
22753.80103	-7455.280666
23212.36419	-4394.013034
23959.76957	-2894.975077
24876.31129	-2805.256219
25814.72152	-3804.532482
26651.04884	-5571.003102
27281.83718	-7781.430874
27620.24099	-10111.82691
27591.1783	-12238.30735
27122.96548	-13932.56395
26133.14795	-15346.8229
24530.50702	-16731.26466
22216.42886	-18340.83344
19084.33282	-20435.78626
15018.78016	-23280.45656
9894.638436	-27139.28328
3700.137877	-32121.20321
-3091.694784	-37724.59297
-9886.4901	-43271.01801
-16080.46349	-48054.33577
-21049.03445	-51358.81634
-24141.98853	-52492.74455
-24688.74561	-50826.59584
-22275.35861	-46073.81477
-17554.49017	-39047.12688
-11475.42824	-30824.41178
-5020.257372	-22441.98639
806.1764118	-14875.06194
4986.779121	-9044.384121
6501.275295	-5837.868632
4677.711302	-5799.087143
232.0186315	-8141.93048
-5752.662016	-11783.71544
-12178.04067	-15687.10273
-17942.71425	-18860.42938
-21951.321	-20349.93285
-23117.67515	-19213.58612
-20703.99007	-14837.31987
-15345.10077	-7974.622751
-8002.069019	365.0282143
389.9409928	9253.833581
8914.586264	17800.8807
16655.52733	25107.12148
22673.40754	30228.4208
26247.28854	32455.44213
27652.94238	32219.37155
27407.13976	30198.22294
26026.85734	27042.0269
24041.4506	23395.63744
21999.37066	19910.79831
20470.78804	17249.41614
19887.96622	15905.13793
20059.65203	15673.94579
20633.96828	16196.04151
21251.89689	17136.46066
21544.86595	18186.55319
21132.92503	19064.97248
19623.69095	19516.79046
16768.46175	19373.69701
12934.02037	18733.54273
8644.284433	17738.14695
4428.35651	16497.31125
822.822831	15086.01978
-1626.515236	13544.75749
-2364.358392	11881.77495
-1010.567784	10109.23374
2088.177938	8351.459562
6407.055916	6774.738911
11425.24672	5565.935904
16626.71678	4938.292607
21501.78682	5137.546993
25547.0207	6447.874566
28379.03787	9039.548994
30077.9834	12495.84239
30818.05209	16260.65431
30749.87149	19778.29847
30007.64644	22478.15709
28718.41639	23759.00495
27011.94886	22975.51616
24995.01125	19691.27753
22650.8596	14463.95579
19934.33724	8083.163983
16792.56825	1331.17881
13156.36536	-5000.807326
8938.736331	-10103.45548
4039.663307	-13146.85438
-1556.314334	-13501.57237
-7502.752351	-11399.568
-13342.72914	-7289.946905
-18590.13105	-1629.771589
-22728.17142	5111.541018
-25213.06959	12454.58697
-25483.39805	19920.13337
-23182.92688	27071.20415
-18801.58102	33600.65095
-13057.00515	39238.6452
-6679.952955	43715.25863
-400.7362466	46755.83944
5063.309654	48084.52412
9011.459857	47435.65819
10933.64864	44716.47055
11043.36375	40459.80647
9707.119578	35371.92459
7261.07132	30164.02059
4022.910938	25534.45774
308.9716484	22158.49312
-3547.112601	20685.14242
-7216.649729	21506.37066
-10490.37082	24064.36801
-13185.42949	27558.79651
-15125.73614	31184.50832
-16158.05776	34133.73282
-16168.21416	35596.72741
-15096.09621	34761.27232
-12986.65934	31087.58718
-10100.47559	25137.65338
-6738.070618	17755.49036
-3171.215744	9797.313229
370.7446874	2136.979056
3711.743671	-4329.558241
6740.034663	-8682.90969
9409.372762	-10228.52457
11705.75593	-9239.337563
13633.82853	-6232.4844
15203.70675	-1733.013038
16415.59283	3721.626677
17244.0755	9579.339742
17621.88393	15271.09641
17517.9525	20300.08619
17212.34528	24513.52596
17029.14078	27813.89546
17254.50621	30069.45879
18148.39141	31124.59612
19957.80406	30814.26351
22930.70114	28981.6357
27329.03137	25496.31677
33438.61331	20269.0165
41572.67074	13257.9397
52065.30036	4462.864468
65251.00623	-6094.833767
