-64820.59752	20173.07169
-71273.43686	6189.47541
-74942.47208	-2633.325047
-75785.51748	-6898.988914
-73891.08368	-7286.913056
-69506.04432	-4519.964632
-63009.78833	651.6809759
-54861.96193	7461.975882
-45549.93367	15138.49238
-35553.8362	22910.37721
-25334.91338	30016.07402
-15342.20313	35712.92262
-6026.548104	39289.68327
2149.754654	40080.28178
8791.861265	37690.91165
13823.82757	32646.8588
17303.14598	25713.3034
19352.53023	17656.45994
20149.28524	9231.076619
19909.43615	1175.932367
18872.14504	-5784.658583
17281.45002	-11073.3546
15355.29636	-14665.80519
13283.73236	-16678.81681
11233.27792	-17234.14131
9349.940331	-16460.01417
7761.407792	-14492.79202
6578.642952	-11478.16222
5887.567786	-7605.076876
5720.252432	-3205.3152
6080.802477	1348.474015
6958.272041	5676.277209
8332.963269	9389.455149
10183.86171	12088.42664
12496.37336	13359.41011
15219.09135	12915.48279
18122.77343	11030.82201
20967.80797	8115.121123
23548.94525	4572.478421
25685.93974	804.9163862
27217.30397	-2780.534892
27995.96323	-5760.119189
27947.83254	-7787.136213
27249.70559	-8909.575947
26116.57479	-9252.195768
24733.60663	-8913.326921
23258.55671	-7971.263451
21826.02426	-6492.86029
20552.80851	-4542.570673
19523.65048	-2211.113879
18735.45601	318.011673
18154.41298	2834.136058
17736.58011	5122.059454
17428.91264	6963.971986
17169.60665	8141.634363
16888.51665	8437.687132
16497.32637	7688.077346
15861.84974	5939.261609
14849.12055	3289.824017
13340.85739	-164.779196
11231.48508	-4334.591483
8425.125441	-9135.713757
4831.722386	-14488.34495
441.4555176	-20230.15495
-4437.606981	-25868.92972
-9396.53216	-30842.31656
-13997.5831	-34603.61577
-17769.60935	-36627.57976
-20202.70956	-36422.0319
-20744.69508	-33541.16229
-18963.81289	-27830.91106
-15060.8997	-20124.0532
-9459.235641	-11468.83419
-2660.135573	-2866.833024
4758.857366	4734.723112
12145.59868	10444.70421
18777.00552	13424.89631
23991.34021	13154.49809
27591.6647	10227.67445
29569.19	5493.840693
29993.34962	-222.9456618
28998.16675	-6117.851988
26770.08001	-11395.82204
23540.91955	-15261.3693
19619.96762	-17102.58583
15481.54105	-17068.29472
11612.84238	-15511.19452
8469.760649	-12808.11027
6477.81907	-9368.020684
6031.882253	-5638.33921
7495.816174	-2109.610257
11034.78086	754.7406841
16117.43037	2752.672238
22041.72067	3783.28381
28107.64421	3792.391394
33617.02687	2777.719309
37875.0168	794.528526
40193.49429	-2039.248328
40091.10926	-5534.376897
37884.40464	-9430.760105
34101.12503	-13487.22589
29279.81579	-17508.49963
23964.94696	-21346.91973
18704.77036	-24902.45596
14052.69956	-28122.6465
10427.89577	-30982.85418
7690.453888	-33412.97344
5580.163478	-35309.02283
3860.733307	-36540.39599
2315.743981	-36949.07037
741.3248666	-36348.76234
-1063.902628	-34523.59136
-3229.832814	-31359.51675
-5591.921372	-27249.36533
-7968.822827	-22717.123
-10241.27358	-18290.24721
-12339.88251	-14501.0993
-14235.4186	-11891.13602
-15932.37554	-11017.63101
-17467.60655	-12238.37885
-18900.00453	-15046.78548
-20241.82281	-18739.56823
-21444.71094	-22637.07107
-22402.77357	-26080.72138
-22953.74586	-28429.80326
-22879.04424	-29055.54207
-21974.63293	-27549.10944
-20281.62181	-24359.37246
-17942.98142	-20111.1535
-15148.24658	-15381.71424
-12130.86504	-10705.79467
-9166.238884	-6584.322479
-6571.451376	-3494.951461
-4633.764217	-1752.87816
-3381.542978	-1074.246297
-2755.100807	-1046.049468
-2668.336301	-1276.570434
-3009.21984	-1390.039585
-3639.611273	-1021.38849
-4394.46254	188.6405905
-5077.425734	2457.356935
-5461.208488	5439.189577
-5340.077609	8635.414759
-4540.725385	11523.51171
-2918.596221	13548.5856
-354.8436147	14117.28805
3245.199173	12594.06972
7816.152588	8549.135943
12741.75956	2520.924497
17322.23601	-4684.153889
20919.93071	-12223.16241
22961.91244	-19204.44528
22947.9669	-24668.03713
20453.35862	-27560.43156
15339.51143	-27081.55761
8369.917722	-23807.56873
421.167667	-18669.38575
-7750.491647	-12620.47501
-15482.15746	-6654.794845
-22183.96802	-1827.099097
-27333.66687	720.4567117
-30638.11359	118.1076205
-32473.97141	-3065.244033
-33307.75453	-7923.251161
-33512.7917	-13564.72704
-33368.74947	-19092.82357
-33060.21095	-23587.95094
-32676.1507	-26091.5363
-32189.67721	-25902.96721
-31421.9393	-23512.96028
-30219.71151	-19674.86627
-28498.98376	-15105.77958
-26237.29026	-10503.11987
-23469.71124	-6561.805171
-20291.35817	-3989.331559
-16883.12733	-3297.403524
-13553.53353	-4144.811822
-10612.79019	-5976.868003
-8333.935116	-8231.467829
-6948.918955	-10331.15926
-6645.002544	-11678.28105
-7561.800374	-11652.01228
-9665.523265	-9816.374073
-12395.35222	-6561.643021
-15101.45693	-2521.74484
-17187.96715	1618.939564
-18120.52308	5117.626594
-17436.10555	7166.136862
-14749.81201	6889.515745
-9922.856588	3670.689693
-3533.858035	-1867.950478
3740.53802	-8745.654055
11314.51821	-15930.20671
18683.90085	-22348.6087
25427.54059	-26892.01621
31225.84698	-28408.05717
35987.86265	-26093.28742
40122.0893	-20720.80601
44082.81749	-13446.6434
48204.95396	-5420.737503
52671.87888	2196.267244
57492.73373	8217.134851
62500.36662	11416.83738
67332.14201	10898.70935
71371.45813	7214.521121
74057.52563	1284.535173
74971.51299	-5963.785123
73827.05702	-13596.55306
70458.66837	-20674.65245
64815.57869	-26251.32378
57056.79619	-29599.03114
47814.93095	-30912.47364
37809.9284	-30627.40099
27711.13667	-29192.0222
18123.66923	-27071.3798
9584.036811	-24756.3421
2561.211819	-22775.48353
-2673.843443	-21569.20304
-6431.60316	-21069.80509
-9150.610713	-21062.93342
-11247.38982	-21306.83061
-13112.81299	-21525.55354
-15109.53953	-21402.1581
-17570.60304	-20571.87667
-20678.88376	-18739.80978
-24118.25966	-16061.9192
-27479.37503	-12822.79799
-30390.07473	-9328.917067
-32514.78137	-5915.754697
-33555.55553	-2956.566215
-33255.00266	-872.3763594
-31514.9993	-12.08832665
-28731.37043	-256.5645657
-25397.87183	-1354.870604
-21975.02644	-3033.917422
-18886.38194	-4991.250389
-16515.46765	-6888.681403
-15203.57058	-8345.82712
-15142.80332	-9019.015403
-16067.71097	-8864.789271
-17608.2105	-7925.706134
-19406.58457	-6256.954177
-21119.77093	-3928.479845
-22420.89846	-1027.714245
-23000.21138	2337.05486
-22565.48669	6032.746859
-20841.96888	9897.170495
-17571.82013	13734.48916
-12513.19874	17310.36677
-5439.355463	20346.06358
