52702.17679	-1276.534539
48329.43627	10398.57764
46115.86765	17132.46916
45253.45461	19360.21604
45077.27607	17610.50371
45086.76149	12506.41557
44928.81265	4752.230475
44359.08238	-4887.404606
43199.3258	-15608.76434
41306.20921	-26585.80401
38559.94977	-36981.31454
34872.27603	-45954.71934
30205.37674	-52669.81422
24589.09451	-56304.22833
18224.21568	-56316.05451
11747.96434	-53227.01153
5836.415096	-47875.85917
1071.93284	-41155.82277
-2055.772591	-34001.11453
-3137.824978	-27376.57488
-1829.066639	-22270.26077
1938.354533	-19474.21102
7287.884395	-18924.37687
13163.59818	-20271.34462
18578.97315	-23083.39291
22611.63024	-26859.48338
24388.12443	-31047.83826
23057.6303	-35069.30002
18113.21274	-38384.66296
10426.26162	-40646.86113
1171.675193	-41609.17208
-8521.591565	-41062.73711
-17561.46238	-38809.77348
-24884.43352	-34651.40914
-29446.27869	-28391.10007
-30503.78083	-20028.50897
-28486.43561	-10308.30092
-24103.27917	-165.0925946
-18045.34202	9466.013262
-10988.88882	17654.36583
-3597.919972	23475.42181
3479.912649	26009.48621
9723.470534	24675.03804
15047.08353	20233.41106
19506.81536	13778.98159
23182.01449	6403.0595
26151.70963	-806.3260551
28475.81885	-6762.772057
30184.17205	-10375.95041
31281.89025	-10879.61824
31774.71235	-8834.404087
31652.7543	-5116.918942
30892.45795	-587.3480426
29463.02497	3904.568426
27329.41717	7514.496671
24454.38449	9400.591878
20885.78285	8969.676998
17016.48106	6616.683545
13344.24506	2974.978276
10383.45676	-1335.43817
8656.643906	-5711.861971
8688.786863	-9574.212878
11006.22982	-12371.75803
15885.70333	-13706.89027
22593.35121	-13681.05484
30140.40831	-12507.31248
37533.51738	-10369.52235
43770.89332	-7405.53847
47840.32594	-3695.28924
48722.5681	741.8614405
45734.87121	5836.551909
39541.16766	11137.508
31138.63252	16054.24046
21519.89416	19946.95487
11674.36519	22139.42588
2592.050343	21935.97809
-4731.918506	18633.42913
-9521.73887	11869.02455
-11902.29897	2654.017653
-12218.49426	-7674.894054
-10816.43773	-17807.95103
-8043.175099	-26457.12896
-4236.925531	-32340.84108
284.9922002	-34162.48969
5233.578445	-31078.57289
10339.57011	-24155.58653
15308.03248	-14902.21211
19802.56311	-4789.060066
23451.06036	4740.274747
25863.91096	12255.97002
26659.15525	16322.64877
25612.72751	15926.40615
23048.33751	11811.84124
19442.56368	5112.406689
15274.1752	-3092.394498
11009.30719	-11758.24176
7097.978311	-19855.4768
3977.19884	-26348.43767
1964.715116	-30424.54702
931.4633816	-32228.1293
634.2743682	-32111.73535
825.8872011	-30393.26029
1254.940439	-27365.14392
1667.148482	-23304.38418
1807.349814	-18481.63913
1452.795382	-13182.73306
508.4029185	-7756.29366
-1083.598	-2571.410587
-3373.616181	1995.595272
-6405.06763	5559.47774
-10215.71845	7723.481158
-14839.41034	8075.360284
-20209.66557	6329.562597
-25868.40324	2767.199878
-31262.27589	-2197.241872
-35835.691	-8154.392876
-39025.69891	-14689.31031
-40260.7006	-21368.40658
-38963.85863	-27725.83574
-34774.39799	-33308.23466
-28197.07024	-37844.04403
-19963.14383	-41100.18475
-10821.54728	-42840.2251
-1544.25174	-42834.76276
7069.348463	-40873.33598
14190.04571	-36778.18346
19121.88297	-30584.20813
21803.1811	-23038.71921
22365.53067	-15075.95952
20992.48253	-7638.33617
17926.42991	-1669.945636
13469.77722	1888.142167
7982.092134	2099.824831
1910.20179	-1599.283692
-4131.514299	-8298.535343
-9541.079191	-16707.31003
-13781.01393	-25517.94776
-16384.58389	-33399.35248
-16972.03214	-38987.9243
-15269.01808	-40877.74359
-11302.26473	-38066.50505
-5922.494523	-31328.42915
-102.8001915	-21901.41711
5287.379216	-11049.16046
9477.755088	-70.16641484
11790.73583	9686.491221
11640.36346	16802.1734
8744.432306	20150.16855
3728.309625	20036.88295
-2609.143325	17152.74776
-9532.142158	12225.37291
-16365.276	6023.821687
-22489.00031	-643.4898361
-27337.49226	-6932.385776
-30495.15094	-12130.75772
-31973.13973	-16163.02743
-31887.13213	-19114.03914
-30350.64272	-21066.69441
-27469.08309	-22099.56135
-23331.92798	-22284.35518
-18005.56125	-21683.29669
-11652.32564	-20332.73866
-4901.921802	-18207.60826
1508.730969	-15292.58728
6849.475711	-11606.33283
10388.93734	-7208.71552
11388.97622	-2210.832505
9102.653538	3215.677086
3122.831001	8790.547313
-5568.502139	14019.85067
-15621.382	18424.0411
-25659.91604	21606.7646
-34286.45751	23251.56106
-40089.9509	23114.35794
-41654.59512	21013.29708
-38059.92379	16984.78552
-30373.31271	11755.46275
-20177.88464	6157.363146
-9071.792436	960.121765
1328.970055	-3119.380824
9374.621102	-5428.209269
13363.77067	-5401.862659
12065.24925	-2795.341157
6325.448438	1712.521183
-2450.310119	7273.356097
-12807.50081	13113.54598
-23249.634	18528.86472
-32251.37083	22878.94302
-38268.91481	25594.29419
-40169.35064	26360.9054
-38515.48884	25606.46234
-34306.94007	23921.53561
-28552.19822	21861.26672
-22265.92903	19929.94992
-16473.21838	18568.30197
-12218.60907	18145.07834
-10286.72232	18844.38141
-10333.11093	20358.05376
-11726.11167	22284.39658
-13828.6063	24257.28367
-15996.75522	25949.59198
-17577.14069	27078.17278
-17900.50937	27410.33052
-16450.91175	26822.8791
-13397.20855	25450.42157
-9064.621559	23474.17309
-3759.551907	21050.3781
2225.916375	18305.01335
8606.52866	15330.6478
15094.41216	12185.28186
21468.5722	8951.018635
27800.52893	5916.963518
34191.65708	3432.731845
40684.60027	1858.842313
47260.64457	1567.414327
53839.72634	2940.770544
60282.91086	6367.711963
66347.25021	12029.71797
71557.03454	19266.84138
75411.23125	27183.61869
77461.98044	34855.99657
77349.51771	41339.62042
74850.68963	45682.37365
69922.24666	46936.46882
62823.89824	44477.20974
54385.24069	38949.06317
45502.48806	31349.21244
36944.03497	22710.07474
29327.79266	14093.49181
23128.20118	6593.175795
18697.24925	1340.936737
16128.4954	-778.4003012
14822.8207	-10.22805862
14066.94585	3076.658818
13217.7227	7864.981466
11705.25011	13692.61814
9038.510271	19858.45487
4810.060616	25628.60632
-1177.08701	30358.10259
-8543.258523	33854.30047
-16776.93105	36070.00953
-25391.28091	36992.60735
-33938.74591	36635.50369
-42021.36081	35027.26992
-49296.35512	32199.55647
-55476.89349	28175.00749
-60327.77331	22956.39081
-63655.62553	16518.20366
-65292.96022	8802.171421
-65075.38929	-281.6190669
